1 0.269375 0.424367 0.016950 0.022967
1 0.513763 0.415183 0.039675 0.035633
25 0.575869 0.351700 0.022413 0.036533
2 0.577113 0.288783 0.010575 0.051100
14 0.339244 0.293167 0.039862 0.048167
14 0.381300 0.277375 0.037400 0.079750
9 0.003994 0.414967 0.007987 0.024767
9 0.114656 0.411825 0.014263 0.024250
1 0.042269 0.438900 0.049238 0.047000
1 0.234262 0.422550 0.024750 0.036567
1 0.408444 0.503125 0.247738 0.366117
1 0.817300 0.508208 0.365400 0.340750
1 0.581838 0.459108 0.123375 0.159217
2 0.461788 0.066783 0.010575 0.052767
