10 0.439725 0.500025 0.008275 0.032017
1 0.215463 0.498075 0.159475 0.221017
1 0.033575 0.531317 0.021250 0.036400
1 0.405806 0.498333 0.034513 0.029100
1 0.394087 0.506933 0.043325 0.031867
1 0.697400 0.611475 0.072950 0.079450
1 0.465269 0.497633 0.011962 0.019167
10 0.854194 0.586767 0.013888 0.043667
1 0.651750 0.571458 0.045150 0.045750
10 0.526525 0.544208 0.013400 0.054250
1 0.637681 0.551875 0.057663 0.048517
10 0.536344 0.549800 0.011487 0.060333
9 0.540506 0.488875 0.011187 0.021217
1 0.783481 0.639300 0.071538 0.098067
