10 0.741662 0.585583 0.009000 0.042000
10 0.510350 0.530417 0.007125 0.035000
14 0.861406 0.522658 0.021362 0.051417
9 0.488650 0.466200 0.009250 0.018000
29 0.612725 0.586842 0.011125 0.047683
10 0.703394 0.582792 0.004287 0.035083
10 0.698725 0.583583 0.004375 0.034000
10 0.691100 0.584500 0.008625 0.039500
10 0.502537 0.530333 0.006250 0.034167
1 0.026662 0.512975 0.008675 0.012950
1 0.401338 0.489033 0.012550 0.020533
1 0.382938 0.487683 0.024150 0.029700
1 0.716469 0.575583 0.035312 0.021133
1 0.953356 0.565058 0.054862 0.057050
