33 0.821700 0.215433 0.030875 0.113300
33 0.509587 0.447117 0.004250 0.014667
31 0.742325 0.434600 0.010500 0.013667
16 0.266656 0.502058 0.025963 0.033983
16 0.346700 0.488133 0.007375 0.011167
9 0.745350 0.407767 0.010500 0.018800
33 0.459756 0.384208 0.005712 0.021717
33 0.827200 0.441483 0.015075 0.053633
1 0.400069 0.512142 0.080662 0.087683
19 0.926750 0.326692 0.078575 0.108717
18 0.599413 0.425283 0.016125 0.021500
1 0.361506 0.499725 0.025438 0.043017
1 0.185675 0.495317 0.046350 0.042733
1 0.141731 0.505525 0.043662 0.048817
1 0.070519 0.501808 0.097988 0.070683
1 0.864681 0.514625 0.139187 0.116917
1 0.538325 0.500967 0.050250 0.045500
