1 0.734856 0.552792 0.017088 0.017583
10 0.479956 0.507167 0.005612 0.016333
10 0.544312 0.522733 0.005350 0.027200
10 0.202975 0.533933 0.022550 0.096233
1 0.091788 0.510583 0.019925 0.025500
1 0.107481 0.510000 0.020212 0.026667
1 0.138456 0.508125 0.042763 0.030417
1 0.231381 0.509492 0.035762 0.032517
1 0.321969 0.505017 0.052613 0.033167
1 0.408419 0.498625 0.028513 0.018317
1 0.064975 0.508575 0.016325 0.016583
1 0.785094 0.552383 0.018588 0.011200
10 0.441150 0.587417 0.018025 0.098767
10 0.436063 0.566425 0.015600 0.093583
1 0.768325 0.552583 0.016850 0.012400
26 0.381300 0.557733 0.045350 0.051867
10 0.558919 0.530158 0.008238 0.029317
