9 0.256044 0.642808 0.006588 0.010317
1 0.395138 0.647933 0.023075 0.029867
1 0.438362 0.673625 0.039225 0.048983
8 0.602988 0.624608 0.015325 0.026017
14 0.430619 0.480917 0.066487 0.104167
14 0.507525 0.509717 0.057600 0.040267
1 0.531431 0.657775 0.012762 0.020017
1 0.487400 0.654200 0.017300 0.023900
1 0.153300 0.646292 0.050175 0.037350
1 0.009556 0.624933 0.019112 0.059733
1 0.387406 0.668392 0.042112 0.042717
1 0.514869 0.673625 0.033163 0.048383
1 0.457975 0.654950 0.017025 0.023600
9 0.314219 0.642292 0.006388 0.010850
