1 0.835319 0.569392 0.077887 0.057817
1 0.934081 0.572583 0.126063 0.077133
1 0.773694 0.564317 0.057412 0.046567
1 0.971456 0.547450 0.057087 0.063167
2 0.742038 0.503433 0.006975 0.021433
2 0.618419 0.500592 0.007163 0.024017
1 0.139181 0.660325 0.278363 0.358283
1 0.284275 0.603092 0.128075 0.114617
1 0.346112 0.588642 0.141725 0.113550
1 0.457925 0.555458 0.019275 0.025750
1 0.489038 0.556783 0.021275 0.020933
1 0.721894 0.566125 0.062212 0.047083
1 0.680344 0.558958 0.057813 0.056217
1 0.625200 0.580917 0.093350 0.082400
