26 0.481038 0.544033 0.005750 0.024833
10 0.489225 0.540075 0.004025 0.015450
10 0.445000 0.568458 0.012200 0.063650
10 0.457175 0.573150 0.011575 0.078167
10 0.428500 0.553292 0.014450 0.039283
10 0.436513 0.595367 0.014450 0.089267
10 0.410888 0.573792 0.013800 0.072617
10 0.424181 0.619075 0.012838 0.099950
10 0.400969 0.635508 0.040038 0.148217
10 0.370125 0.569492 0.021300 0.069217
10 0.385731 0.575017 0.016563 0.073633
10 0.366088 0.593625 0.014475 0.050183
10 0.061044 0.505667 0.010337 0.041367
10 0.071075 0.508142 0.009725 0.046317
10 0.290612 0.566450 0.020175 0.095667
10 0.476250 0.540492 0.003400 0.013817
