0 0.623400 0.492942 0.017000 0.049517
1 0.120344 0.530500 0.055988 0.081600
26 0.244769 0.506542 0.028462 0.034350
10 0.694112 0.587875 0.013525 0.048117
10 0.281950 0.468992 0.007550 0.029950
10 0.272750 0.472608 0.007350 0.022717
10 0.252419 0.473642 0.006587 0.024783
10 0.246225 0.473642 0.004250 0.020650
10 0.238194 0.473625 0.008712 0.022750
26 0.269750 0.523450 0.039300 0.051133
26 0.254550 0.514417 0.034850 0.045467
10 0.818337 0.646175 0.053775 0.127683
10 0.095413 0.495650 0.005375 0.024000
1 0.567900 0.536867 0.018375 0.023900
1 0.601969 0.542458 0.027788 0.021217
1 0.649762 0.578900 0.041500 0.056700
1 0.545775 0.530892 0.030800 0.032783
1 0.397425 0.488183 0.027475 0.034300
1 0.378894 0.478842 0.019438 0.028717
1 0.191356 0.467600 0.012963 0.018000
1 0.072387 0.499917 0.016075 0.019033
