10 0.522075 0.511183 0.003125 0.009833
29 0.580456 0.561942 0.043012 0.060117
26 0.514875 0.519167 0.003725 0.018333
1 0.387231 0.586542 0.110937 0.139050
1 0.115269 0.496208 0.060813 0.031717
1 0.013944 0.498533 0.021138 0.048333
10 0.525637 0.512600 0.002250 0.007667
10 0.586194 0.539017 0.011362 0.037167
10 0.597388 0.535683 0.010000 0.030167
10 0.623319 0.551100 0.011862 0.055333
10 0.941275 0.533692 0.006125 0.047683
10 0.993775 0.513450 0.006375 0.021167
10 0.985463 0.512700 0.004000 0.015667
10 0.979400 0.515033 0.004125 0.017000
