10 0.191769 0.498858 0.006487 0.017317
1 0.519513 0.521108 0.013225 0.018817
1 0.175519 0.498708 0.019737 0.015817
10 0.006637 0.540350 0.010525 0.054367
10 0.624163 0.562750 0.012075 0.038233
1 0.270738 0.504983 0.027325 0.021200
1 0.320244 0.509608 0.029562 0.020317
1 0.276112 0.634417 0.275000 0.248367
1 0.049419 0.495992 0.008363 0.018583
1 0.036650 0.500017 0.019050 0.024167
10 0.983819 0.570217 0.021737 0.076467
10 0.925575 0.551392 0.015450 0.080050
26 0.853988 0.648250 0.079100 0.108133
26 0.736506 0.665108 0.051388 0.119383
26 0.685163 0.651992 0.038550 0.107050
26 0.639250 0.612408 0.028500 0.072850
26 0.620500 0.597208 0.021925 0.064050
26 0.611719 0.583483 0.018738 0.054000
26 0.602781 0.573775 0.025562 0.054217
10 0.129856 0.508833 0.008712 0.034933
1 0.371094 0.510808 0.030913 0.020917
10 0.941925 0.558717 0.016800 0.080933
10 0.882894 0.566183 0.015237 0.093500
