1 0.341906 0.497383 0.013087 0.019933
1 0.514212 0.513583 0.033775 0.030267
1 0.544119 0.510025 0.015613 0.014950
4 0.570406 0.488733 0.014063 0.020400
10 0.312262 0.556825 0.016975 0.085417
10 0.617544 0.545292 0.007363 0.038450
1 0.586369 0.529433 0.019238 0.027400
1 0.571900 0.536275 0.026550 0.036117
10 0.284706 0.550633 0.013138 0.080733
1 0.373619 0.495250 0.015087 0.023867
1 0.390438 0.487867 0.012150 0.013700
10 0.909219 0.574125 0.012812 0.044850
10 0.864050 0.636275 0.023075 0.134117
18 0.122887 0.543900 0.010300 0.020100
29 0.232006 0.521450 0.012438 0.031900
