20 0.590231 0.470000 0.010763 0.016000
33 0.466713 0.460458 0.006250 0.021217
33 0.590875 0.447700 0.007475 0.024567
12 0.775075 0.341067 0.045150 0.073500
20 0.421775 0.470958 0.011375 0.015717
1 0.131769 0.503592 0.060537 0.032217
1 0.171362 0.506942 0.019175 0.024250
1 0.203188 0.503925 0.032575 0.024517
33 0.421488 0.449017 0.006250 0.021200
1 0.513731 0.488058 0.021512 0.025917
33 0.551794 0.459742 0.003037 0.012150
1 0.248894 0.498642 0.030663 0.019783
18 0.839187 0.459633 0.018450 0.026867
