1 0.474575 0.583167 0.035475 0.036367
1 0.107512 0.579325 0.032975 0.042117
1 0.173481 0.596642 0.144462 0.114017
20 0.416581 0.539983 0.016587 0.023500
1 0.019500 0.583325 0.039000 0.055183
1 0.336269 0.579042 0.023612 0.022317
1 0.297450 0.580133 0.033425 0.035967
1 0.265313 0.588942 0.045375 0.036317
1 0.065475 0.582708 0.063175 0.050217
1 0.980494 0.609092 0.039013 0.068517
1 0.953600 0.598683 0.092800 0.071767
1 0.884475 0.594750 0.103750 0.055567
1 0.822194 0.591050 0.082587 0.051867
1 0.777081 0.588275 0.073563 0.045383
1 0.625600 0.615742 0.110275 0.101517
1 0.524863 0.581500 0.023925 0.036600
1 0.555069 0.589083 0.058912 0.058900
