31 0.570763 0.507083 0.005250 0.010833
1 0.646856 0.542017 0.019938 0.032300
1 0.137256 0.507550 0.014137 0.017067
1 0.084587 0.509742 0.012200 0.018350
1 0.013481 0.593950 0.026963 0.090433
9 0.858144 0.524700 0.009412 0.017933
1 0.967819 0.606550 0.064363 0.112333
30 0.284631 0.463775 0.007812 0.014650
18 0.375125 0.455008 0.010500 0.022550
14 0.249569 0.453283 0.038087 0.016100
10 0.326638 0.501242 0.003875 0.026817
10 0.331263 0.502400 0.004625 0.027833
10 0.335944 0.499150 0.007013 0.027667
1 0.096212 0.500708 0.009100 0.014217
1 0.675681 0.577383 0.045887 0.091667
