26 0.155719 0.573825 0.021288 0.046883
10 0.911763 0.589217 0.011725 0.051767
26 0.103212 0.649025 0.067450 0.085717
26 0.106750 0.589167 0.046675 0.033833
26 0.159562 0.589417 0.022125 0.068533
26 0.163750 0.587008 0.012050 0.067983
26 0.147994 0.559342 0.024637 0.034650
26 0.142056 0.545750 0.021737 0.033767
26 0.606337 0.579667 0.033950 0.042167
26 0.608150 0.557033 0.031875 0.027300
10 0.806825 0.607183 0.015550 0.062633
10 0.855375 0.616317 0.008025 0.057800
10 0.869606 0.596458 0.009037 0.061817
10 0.900806 0.597575 0.009537 0.050217
10 0.937688 0.577283 0.007375 0.037833
10 0.948800 0.580283 0.009375 0.040833
10 0.971625 0.573533 0.006500 0.021000
10 0.683638 0.601783 0.024100 0.089400
10 0.637894 0.535958 0.008912 0.034583
10 0.611556 0.629942 0.033612 0.124917
10 0.570931 0.632950 0.039213 0.146667
10 0.544906 0.556142 0.014237 0.074483
10 0.379444 0.487892 0.008987 0.031117
10 0.051112 0.535992 0.005100 0.022383
10 0.014019 0.550592 0.011612 0.029950
1 0.243069 0.493300 0.033688 0.034900
1 0.278969 0.482583 0.034987 0.036300
1 0.371763 0.555508 0.134525 0.117150
1 0.489050 0.516108 0.051850 0.050817
1 0.526762 0.511792 0.030850 0.038717
1 0.475313 0.491225 0.033700 0.025217
1 0.509400 0.490875 0.026175 0.016250
1 0.463256 0.478092 0.029812 0.018317
1 0.647675 0.547558 0.019700 0.034917
1 0.668025 0.560517 0.040175 0.042867
1 0.723369 0.597667 0.091762 0.101267
