1 0.514956 0.593625 0.045638 0.037517
1 0.624181 0.614033 0.095137 0.067433
1 0.960225 0.796583 0.079550 0.292500
1 0.376838 0.579850 0.017125 0.018967
10 0.673612 0.569533 0.008100 0.031833
10 0.778900 0.558733 0.010700 0.031433
16 0.555963 0.566883 0.010825 0.014467
30 0.273419 0.540400 0.010113 0.015200
14 0.703644 0.521908 0.026963 0.050850
14 0.353200 0.531558 0.023325 0.062550
14 0.287106 0.529133 0.034213 0.050800
10 0.749325 0.562767 0.009125 0.025000
1 0.427088 0.571208 0.011125 0.014017
1 0.446894 0.587792 0.037013 0.040183
1 0.479838 0.582942 0.030125 0.025883
