10 0.378244 0.566992 0.013887 0.076850
10 0.479994 0.514317 0.003487 0.021967
10 0.484631 0.512525 0.004663 0.018850
10 0.154431 0.580175 0.022213 0.096750
10 0.132744 0.558667 0.010062 0.075000
10 0.082775 0.577867 0.023250 0.069900
10 0.061956 0.566325 0.019787 0.094850
10 0.191562 0.604717 0.023600 0.092067
10 0.341112 0.553108 0.018050 0.072217
10 0.358462 0.542700 0.013875 0.057867
10 0.402881 0.564917 0.011112 0.074533
10 0.422812 0.559125 0.012875 0.079617
10 0.412775 0.551950 0.011450 0.063433
