10 0.639006 0.550708 0.020763 0.093050
1 0.419994 0.516858 0.022763 0.028117
1 0.456806 0.492542 0.016388 0.026317
1 0.434631 0.527008 0.028612 0.039483
1 0.378581 0.538517 0.047163 0.050500
1 0.332444 0.549058 0.044588 0.050150
1 0.292781 0.541267 0.040437 0.040100
1 0.023994 0.548883 0.041462 0.060167
10 0.531756 0.494817 0.007188 0.024767
10 0.520294 0.485775 0.006362 0.015617
10 0.550244 0.525383 0.010388 0.056433
10 0.575519 0.548692 0.020087 0.087017
10 0.662919 0.575225 0.022913 0.087483
10 0.645744 0.587950 0.012138 0.101833
29 0.402837 0.546400 0.025925 0.056700
14 0.292212 0.507133 0.017025 0.029267
14 0.233300 0.520275 0.015225 0.028683
14 0.735244 0.420708 0.051063 0.121117
6 0.650062 0.455108 0.017200 0.091017
1 0.360538 0.529133 0.018875 0.025667
1 0.806506 0.515217 0.030887 0.034767
1 0.841744 0.520967 0.032987 0.039267
