1 0.319906 0.486383 0.009112 0.021200
14 0.496369 0.450042 0.030287 0.066817
31 0.591538 0.498483 0.008400 0.015600
18 0.899494 0.536008 0.011912 0.032483
10 0.549906 0.547225 0.011988 0.063583
10 0.835062 0.580558 0.016625 0.063217
1 0.046481 0.549092 0.030437 0.022250
1 0.096381 0.544067 0.024313 0.030267
1 0.073862 0.533100 0.013575 0.016433
1 0.113456 0.525592 0.012688 0.016217
1 0.158231 0.552875 0.049337 0.042183
1 0.217756 0.522017 0.033962 0.027633
1 0.248850 0.513075 0.031100 0.027417
1 0.428850 0.506758 0.025025 0.027650
1 0.413481 0.490358 0.015737 0.016283
1 0.469963 0.492700 0.014300 0.016200
1 0.338906 0.616425 0.129587 0.147850
