10 0.276287 0.566333 0.015275 0.051733
1 0.802606 0.508992 0.030237 0.024217
1 0.216950 0.653300 0.289825 0.498000
29 0.285112 0.544467 0.017450 0.031633
29 0.307906 0.553150 0.031862 0.049000
29 0.331044 0.555317 0.031638 0.063867
29 0.353256 0.564308 0.031863 0.065750
29 0.428719 0.570700 0.023712 0.072933
29 0.596869 0.554858 0.028837 0.054883
29 0.891069 0.551133 0.032562 0.095200
26 0.550650 0.543400 0.021325 0.047733
26 0.665431 0.555342 0.012062 0.043683
26 0.633269 0.553192 0.011662 0.044783
26 0.650662 0.555867 0.015875 0.046933
26 0.683019 0.556550 0.015888 0.047167
26 0.705831 0.555883 0.016887 0.050667
26 0.726538 0.556008 0.016075 0.050417
26 0.744625 0.553458 0.015275 0.045317
26 0.764525 0.555333 0.018900 0.048533
26 0.782819 0.558558 0.015687 0.051183
26 0.534581 0.557350 0.028537 0.046633
10 0.261012 0.526933 0.008850 0.034567
