1 0.812588 0.583767 0.098750 0.070767
1 0.734669 0.579292 0.054412 0.052850
1 0.681262 0.582875 0.057775 0.060017
1 0.979681 0.620933 0.040637 0.094933
2 0.564581 0.514192 0.008762 0.025383
1 0.392412 0.568542 0.021500 0.029550
1 0.258400 0.611067 0.176675 0.145133
1 0.128694 0.632550 0.257387 0.154100
1 0.036312 0.770717 0.072625 0.332233
1 0.914362 0.590508 0.139725 0.082350
1 0.629544 0.570775 0.060463 0.066283
2 0.691431 0.515583 0.007738 0.024267
32 0.693875 0.535858 0.010125 0.014583
1 0.425331 0.573025 0.021487 0.024183
