10 0.620569 0.557733 0.011037 0.055533
10 0.030081 0.543767 0.022563 0.073133
10 0.995287 0.559033 0.009425 0.091300
10 0.584413 0.624633 0.035175 0.159900
10 0.558094 0.634000 0.027587 0.186667
10 0.527987 0.592183 0.016550 0.105700
10 0.504406 0.569100 0.011537 0.086300
10 0.494369 0.557400 0.011538 0.074933
10 0.446675 0.598875 0.021625 0.131117
10 0.469250 0.583817 0.015600 0.103700
10 0.480544 0.562408 0.013088 0.080950
10 0.606263 0.558733 0.013550 0.069567
10 0.634587 0.567433 0.013100 0.074933
10 0.137625 0.521925 0.009825 0.046850
