1 0.981075 0.467225 0.037850 0.061083
1 0.952706 0.461100 0.022888 0.033733
1 0.898106 0.468592 0.049387 0.040150
1 0.848925 0.478492 0.045775 0.041750
1 0.424781 0.490108 0.019188 0.032283
1 0.408231 0.506758 0.024812 0.034583
1 0.376225 0.542700 0.067425 0.058833
1 0.197063 0.729192 0.394125 0.249750
15 0.487963 0.457233 0.008250 0.013500
10 0.793431 0.503675 0.021287 0.077217
10 0.831369 0.498075 0.019188 0.078017
16 0.698781 0.492775 0.019788 0.032783
1 0.793725 0.487333 0.066250 0.051933
14 0.521988 0.453992 0.024100 0.032150
14 0.548037 0.442758 0.027475 0.045617
