18 0.640138 0.429108 0.022025 0.036783
1 0.413281 0.429700 0.035413 0.034133
1 0.632019 0.449742 0.077837 0.126550
1 0.882463 0.505117 0.235075 0.358667
1 0.560519 0.467817 0.115038 0.151400
1 0.318100 0.438950 0.026775 0.076633
1 0.294588 0.447858 0.041275 0.105283
1 0.233044 0.454050 0.100487 0.167200
1 0.110588 0.490050 0.221175 0.256233
4 0.527581 0.356717 0.014638 0.019767
18 0.337569 0.347275 0.015063 0.023150
10 0.805494 0.397283 0.039462 0.087900
10 0.769262 0.446425 0.031275 0.207017
10 0.382437 0.430383 0.017350 0.061567
