33 0.652006 0.348883 0.009412 0.036033
1 0.198544 0.405658 0.037688 0.040817
1 0.945719 0.373875 0.099862 0.119083
1 0.762319 0.392942 0.174613 0.086317
1 0.516669 0.395283 0.043712 0.038800
1 0.391750 0.420708 0.085800 0.101683
1 0.162669 0.418700 0.039188 0.046833
1 0.099187 0.416700 0.062775 0.065567
18 0.564444 0.326067 0.013787 0.017467
31 0.021781 0.370625 0.011787 0.017217
19 0.686931 0.281183 0.044188 0.062700
16 0.283137 0.406200 0.016900 0.024767
33 0.493269 0.347392 0.005288 0.018050
33 0.444169 0.289442 0.007538 0.021983
33 0.645263 0.203233 0.020650 0.075467
