1 0.594644 0.550100 0.075513 0.077133
26 0.839531 0.569600 0.028913 0.090467
26 0.864000 0.559700 0.021725 0.053533
26 0.891125 0.561842 0.026100 0.066383
26 0.917000 0.553817 0.015300 0.063167
29 0.833713 0.533092 0.023250 0.051817
1 0.866844 0.485217 0.039562 0.043033
1 0.742794 0.494233 0.052388 0.041633
1 0.455919 0.553742 0.033638 0.032417
1 0.347706 0.567425 0.029913 0.033250
1 0.086544 0.532183 0.037413 0.082167
29 0.724725 0.524667 0.035375 0.045567
9 0.851900 0.437067 0.009200 0.021867
4 0.694894 0.415350 0.047837 0.075967
10 0.859806 0.507508 0.014862 0.047650
