10 0.405844 0.580775 0.014513 0.075383
10 0.375256 0.673567 0.044588 0.164200
10 0.066506 0.570658 0.010213 0.038150
10 0.419188 0.606175 0.021000 0.099917
10 0.512112 0.544658 0.014525 0.060517
26 0.107631 0.586017 0.030988 0.032267
10 0.051781 0.570525 0.011212 0.040183
10 0.525587 0.534992 0.015550 0.060517
10 0.451850 0.561083 0.008550 0.062933
1 0.935513 0.594150 0.078250 0.084467
10 0.438369 0.577875 0.014262 0.078417
10 0.325744 0.642117 0.020737 0.124100
10 0.144419 0.583042 0.009687 0.044917
