30 0.732369 0.226100 0.026887 0.051467
18 0.189969 0.263525 0.012763 0.017283
18 0.287119 0.259342 0.012138 0.022317
10 0.007788 0.285592 0.015575 0.077417
10 0.028906 0.289850 0.022112 0.070433
10 0.061156 0.296425 0.019163 0.071217
10 0.077094 0.292175 0.018637 0.067350
18 0.871138 0.300525 0.017350 0.032383
32 0.565187 0.281158 0.012875 0.031350
14 0.468738 0.240467 0.050125 0.060467
1 0.789300 0.418517 0.246800 0.123600
1 0.872075 0.599817 0.255850 0.476900
30 0.548700 0.287400 0.010850 0.020233
6 0.190581 0.215783 0.016737 0.029000
