14 0.523700 0.432208 0.027875 0.032750
14 0.468581 0.438400 0.039213 0.025833
5 0.861281 0.437508 0.027062 0.034817
1 0.741287 0.504900 0.031950 0.036433
1 0.763119 0.498558 0.040488 0.026350
1 0.846500 0.503042 0.031225 0.034150
1 0.897600 0.503208 0.047075 0.037717
1 0.927362 0.500767 0.063675 0.041967
1 0.974994 0.496475 0.050012 0.044617
1 0.542050 0.523550 0.021100 0.025400
1 0.562256 0.526142 0.033863 0.035750
1 0.390625 0.525917 0.038050 0.042933
9 0.139187 0.526417 0.013125 0.016000
9 0.245175 0.514808 0.010625 0.014383
1 0.679137 0.508375 0.040425 0.022683
4 0.595163 0.487283 0.006500 0.008000
9 0.762450 0.474050 0.008000 0.011167
