1 0.350737 0.590450 0.006250 0.010500
1 0.329100 0.596717 0.014750 0.015500
1 0.345594 0.593133 0.008262 0.010667
1 0.337219 0.595133 0.008762 0.012000
7 0.595794 0.547492 0.016812 0.019717
7 0.305800 0.579900 0.016575 0.032567
14 0.389875 0.545650 0.018500 0.018167
14 0.373869 0.561225 0.005513 0.011683
14 0.412625 0.539225 0.014000 0.033017
1 0.391600 0.593575 0.016625 0.021850
1 0.405913 0.588658 0.010000 0.014350
1 0.434975 0.588242 0.012125 0.015517
1 0.473762 0.585550 0.024625 0.043200
1 0.572387 0.583983 0.073100 0.104367
1 0.107900 0.646542 0.057025 0.069817
1 0.009888 0.676433 0.019775 0.085367
1 0.163631 0.633417 0.073087 0.076033
1 0.209269 0.618042 0.030963 0.040517
1 0.254694 0.614950 0.035862 0.040900
1 0.237331 0.613408 0.017937 0.032817
1 0.284975 0.604642 0.027250 0.033017
