1 0.035981 0.683208 0.071962 0.211517
1 0.190119 0.637600 0.225112 0.170067
10 0.698244 0.562517 0.016737 0.022100
10 0.653819 0.591742 0.022588 0.076083
6 0.466287 0.535850 0.010750 0.014000
0 0.466475 0.518517 0.013875 0.018000
9 0.488794 0.522533 0.012213 0.016733
9 0.301675 0.535567 0.010500 0.016667
17 0.302550 0.558817 0.010750 0.015167
1 0.505944 0.578525 0.042837 0.057150
1 0.533975 0.573067 0.026275 0.030133
1 0.559494 0.588008 0.038488 0.042183
1 0.686181 0.619950 0.057288 0.092667
1 0.742425 0.636533 0.099275 0.131367
1 0.868675 0.677842 0.253150 0.238717
1 0.959787 0.740083 0.080425 0.313500
1 0.468794 0.578750 0.038163 0.029933
1 0.330256 0.614692 0.089562 0.103183
