1 0.064431 0.414433 0.047138 0.017767
14 0.387100 0.350558 0.023250 0.042850
14 0.352287 0.344642 0.033875 0.054017
18 0.725762 0.431317 0.012875 0.020333
27 0.726200 0.411983 0.010000 0.017000
15 0.689013 0.402983 0.013125 0.027000
1 0.416725 0.421042 0.008125 0.012517
1 0.373912 0.416633 0.006500 0.021333
1 0.402475 0.417958 0.012625 0.023017
1 0.384969 0.415125 0.013387 0.035350
1 0.342287 0.428042 0.020750 0.024850
1 0.362662 0.415892 0.017000 0.039883
1 0.378969 0.426958 0.012137 0.015683
1 0.251650 0.425242 0.040350 0.046283
