1 0.063200 0.467233 0.028650 0.021167
1 0.557887 0.461167 0.030975 0.022467
1 0.574544 0.485567 0.052662 0.053200
14 0.540587 0.434483 0.008625 0.020333
15 0.930550 0.384550 0.034125 0.063700
1 0.607638 0.469042 0.025575 0.037183
1 0.374150 0.449042 0.018200 0.009550
4 0.643281 0.413183 0.024888 0.031033
4 0.269900 0.384808 0.032125 0.042817
14 0.420800 0.424733 0.020125 0.022833
1 0.272206 0.451358 0.020713 0.015750
1 0.186631 0.464008 0.030787 0.033817
1 0.153900 0.460942 0.033900 0.026117
1 0.114506 0.473692 0.048788 0.050083
1 0.089719 0.468017 0.017812 0.025300
14 0.336956 0.418075 0.006513 0.017550
