1 0.264688 0.667758 0.020500 0.022350
1 0.324862 0.656442 0.010875 0.011183
1 0.327613 0.648942 0.010875 0.017517
1 0.419737 0.643025 0.034125 0.038350
36 0.363250 0.593717 0.011500 0.013500
15 0.433575 0.578633 0.007375 0.015500
6 0.079100 0.667850 0.007875 0.009000
14 0.098906 0.647700 0.041812 0.027600
14 0.548750 0.525417 0.049500 0.072233
31 0.573194 0.546592 0.010712 0.017183
31 0.644813 0.557967 0.008125 0.012167
1 0.205175 0.683575 0.051850 0.051317
1 0.244500 0.674592 0.031875 0.029017
1 0.281031 0.666508 0.015687 0.016517
