14 0.522763 0.451717 0.024375 0.032667
14 0.548388 0.439217 0.030125 0.048333
16 0.699231 0.488242 0.020712 0.034083
10 0.621781 0.497667 0.014138 0.050867
1 0.307869 0.552808 0.183512 0.137583
10 0.672900 0.494700 0.015300 0.051633
1 0.633056 0.620500 0.260562 0.185267
1 0.946806 0.478100 0.065862 0.066433
1 0.982612 0.440100 0.022500 0.024033
1 0.854475 0.461242 0.042550 0.028417
1 0.795856 0.477300 0.069862 0.050900
29 0.034244 0.625467 0.068487 0.112533
32 0.498487 0.440483 0.009250 0.011833
6 0.500425 0.459483 0.009375 0.016833
