1 0.413575 0.668408 0.015000 0.019417
1 0.430494 0.669450 0.013888 0.020900
1 0.801619 0.679892 0.070438 0.104150
1 0.900931 0.793292 0.198137 0.413417
1 0.449325 0.663200 0.009875 0.010333
1 0.460938 0.662042 0.010650 0.009550
33 0.324575 0.530233 0.011925 0.059800
33 0.661100 0.542883 0.012450 0.049067
33 0.881675 0.474900 0.015675 0.063500
9 0.215056 0.606183 0.011038 0.027433
14 0.060300 0.519517 0.026700 0.149300
10 0.152469 0.669442 0.010713 0.054883
14 0.703375 0.564100 0.044850 0.036633
1 0.100294 0.666308 0.036812 0.041050
1 0.264044 0.760075 0.218213 0.267383
1 0.474838 0.743633 0.108175 0.156700
