1 0.364569 0.407175 0.038887 0.050917
1 0.633694 0.394942 0.067912 0.050883
1 0.594625 0.396800 0.049300 0.045933
1 0.571831 0.397283 0.035813 0.040000
1 0.545094 0.399008 0.047437 0.037317
1 0.521600 0.396800 0.033500 0.027933
1 0.825450 0.394942 0.052325 0.040950
1 0.781844 0.395875 0.045113 0.029183
1 0.751844 0.396958 0.014887 0.021417
30 0.167375 0.350067 0.007300 0.005867
2 0.633575 0.358725 0.010500 0.046383
10 0.069319 0.400825 0.008537 0.039350
2 0.640025 0.161600 0.018600 0.107167
10 0.075831 0.401400 0.010262 0.038200
16 0.257525 0.396767 0.011200 0.020000
14 0.519400 0.328817 0.017475 0.047200
14 0.567244 0.311017 0.034237 0.077300
33 0.877119 0.376617 0.005887 0.021900
14 0.261744 0.334375 0.028112 0.042850
