10 0.805387 0.542825 0.009700 0.091050
10 0.810500 0.535092 0.019100 0.081750
10 0.869687 0.529075 0.012700 0.073950
10 0.738494 0.549950 0.013513 0.089200
10 0.859456 0.524233 0.010887 0.067733
10 0.987738 0.603033 0.024150 0.237233
26 0.552550 0.531033 0.007625 0.029500
10 0.956381 0.654442 0.058063 0.310317
10 0.791156 0.518883 0.009587 0.048733
10 0.128812 0.671667 0.057625 0.292967
10 0.014756 0.585875 0.022812 0.143683
10 0.030294 0.562650 0.013012 0.093533
10 0.672538 0.635742 0.047800 0.222350
