1 0.412269 0.404683 0.045713 0.068967
1 0.453569 0.407083 0.036512 0.053500
25 0.446925 0.351683 0.021100 0.035033
9 0.060725 0.399092 0.013050 0.019417
9 0.170669 0.420625 0.016062 0.028550
14 0.173088 0.331042 0.040675 0.064483
14 0.222544 0.328033 0.039488 0.069167
33 0.331100 0.105508 0.010550 0.049183
1 0.361519 0.430625 0.010087 0.028417
1 0.343619 0.429233 0.035038 0.048867
1 0.108762 0.436442 0.061775 0.063183
33 0.446594 0.304050 0.009062 0.044233
33 0.157719 0.336200 0.006738 0.031800
