1 0.515456 0.537808 0.066887 0.077983
17 0.252688 0.519633 0.015375 0.021667
9 0.250331 0.489375 0.012588 0.021083
23 0.494531 0.496617 0.010387 0.015333
19 0.454031 0.479450 0.012863 0.017000
9 0.493975 0.463283 0.014000 0.023000
0 0.454100 0.456117 0.020000 0.026667
10 0.668119 0.536067 0.016362 0.068833
10 0.680919 0.545983 0.026713 0.086733
1 0.896931 0.666917 0.206137 0.283667
1 0.590281 0.546808 0.060587 0.059183
1 0.556081 0.527608 0.037212 0.038383
1 0.469869 0.537808 0.036887 0.039583
1 0.046544 0.650775 0.093088 0.214350
