18 0.661813 0.442150 0.010850 0.030200
1 0.946500 0.538650 0.021000 0.019700
1 0.934987 0.582542 0.047700 0.075683
26 0.382875 0.578317 0.013750 0.042367
1 0.640362 0.658683 0.160450 0.197633
26 0.278500 0.624908 0.017925 0.063350
10 0.353450 0.572125 0.016050 0.052450
10 0.517225 0.518492 0.006375 0.031350
10 0.521475 0.515908 0.007625 0.032517
10 0.440662 0.540325 0.007000 0.043017
10 0.452662 0.539658 0.008750 0.042350
10 0.325412 0.649633 0.019800 0.115200
10 0.300669 0.645033 0.027287 0.100400
10 0.195700 0.583008 0.007375 0.043517
10 0.188575 0.581758 0.008625 0.043017
10 0.145075 0.571008 0.008125 0.030517
