15 0.563156 0.399533 0.019088 0.036433
32 0.606719 0.326075 0.036912 0.051517
6 0.602394 0.409050 0.033463 0.075233
14 0.707569 0.416017 0.104088 0.182733
14 0.783031 0.421483 0.061587 0.205333
1 0.509013 0.458458 0.010025 0.016783
1 0.175888 0.539975 0.189850 0.216750
10 0.362525 0.462533 0.007950 0.025100
10 0.633994 0.575542 0.028788 0.112717
10 0.668125 0.571283 0.018075 0.094833
10 0.691050 0.576683 0.022575 0.103233
10 0.834487 0.628900 0.007275 0.092333
10 0.821519 0.608458 0.017037 0.090050
10 0.856119 0.612650 0.019787 0.048067
