1 0.037644 0.520183 0.015663 0.023200
10 0.972681 0.570750 0.015512 0.075233
10 0.953869 0.582392 0.016863 0.064483
36 0.530963 0.461050 0.012550 0.022300
31 0.597269 0.512217 0.011238 0.015033
31 0.936294 0.519967 0.015362 0.026433
10 0.737906 0.745400 0.098137 0.220333
9 0.901100 0.490808 0.014350 0.030117
9 0.569769 0.497200 0.011762 0.039333
1 0.094456 0.519900 0.022587 0.027233
1 0.077762 0.527992 0.035175 0.037650
1 0.810919 0.551992 0.032088 0.046317
1 0.782056 0.538683 0.011762 0.022033
1 0.762769 0.578908 0.039963 0.066483
1 0.366806 0.496217 0.017387 0.015600
1 0.324106 0.497350 0.022988 0.023767
1 0.277900 0.485783 0.018250 0.023767
1 0.295900 0.532067 0.063800 0.057233
1 0.242575 0.513242 0.046400 0.041683
1 0.160375 0.521367 0.052075 0.049733
