1 0.972125 0.582525 0.031700 0.042217
16 0.261213 0.560342 0.021125 0.034783
29 0.511713 0.549583 0.015000 0.032333
9 0.443213 0.447658 0.007500 0.012250
9 0.553075 0.515092 0.008475 0.012250
9 0.690400 0.620917 0.010650 0.023233
29 0.529706 0.560900 0.015312 0.026867
26 0.552781 0.577667 0.029037 0.041333
1 0.202362 0.450375 0.034250 0.049783
1 0.526106 0.529333 0.021688 0.029500
1 0.499194 0.513400 0.019988 0.022033
1 0.634500 0.581342 0.013925 0.021450
1 0.647950 0.597825 0.022600 0.041683
1 0.935481 0.607942 0.073762 0.067717
1 0.876500 0.612892 0.036475 0.043950
1 0.989194 0.562292 0.021612 0.043383
1 0.056837 0.505042 0.024325 0.030650
1 0.032556 0.530200 0.017388 0.032367
1 0.014119 0.552750 0.028237 0.057833
