1 0.121394 0.545808 0.027762 0.024283
2 0.378550 0.506867 0.004200 0.016800
1 0.192950 0.537142 0.025150 0.025450
1 0.523200 0.518633 0.053350 0.054367
10 0.682837 0.501983 0.009100 0.032967
21 0.797744 0.323758 0.045012 0.059117
33 0.665769 0.420200 0.011612 0.033867
10 0.718812 0.495592 0.018700 0.074650
10 0.702350 0.500242 0.007375 0.042217
1 0.024281 0.562350 0.048563 0.050367
2 0.375894 0.439292 0.010087 0.034717
14 0.417294 0.432967 0.047612 0.063967
1 0.081494 0.553908 0.044237 0.033550
