10 0.432644 0.538425 0.006313 0.047750
10 0.424419 0.546483 0.005338 0.034200
10 0.650794 0.554708 0.013938 0.041883
10 0.029469 0.577800 0.017062 0.048167
10 0.179250 0.638317 0.022575 0.123833
10 0.216131 0.652033 0.038137 0.132533
10 0.325769 0.724617 0.050687 0.186733
10 0.371887 0.687425 0.043150 0.198717
10 0.325044 0.660767 0.032162 0.141833
10 0.406406 0.590833 0.010687 0.067000
10 0.420481 0.590833 0.018813 0.075633
10 0.441381 0.529283 0.006187 0.032000
10 0.396850 0.560383 0.007775 0.060500
10 0.353762 0.586950 0.007775 0.060933
10 0.366225 0.586533 0.016550 0.073000
10 0.440450 0.620358 0.016250 0.100717
10 0.451769 0.610300 0.016837 0.096067
1 0.594431 0.517000 0.035312 0.032400
