1 0.422150 0.444658 0.025125 0.029517
1 0.437938 0.448658 0.007000 0.011183
1 0.444000 0.447408 0.005875 0.007350
1 0.448813 0.445575 0.004250 0.005350
1 0.452756 0.443992 0.003137 0.004517
1 0.467031 0.452492 0.018937 0.023183
29 0.379006 0.470475 0.018237 0.051783
14 0.308806 0.420617 0.023087 0.035033
2 0.077856 0.445000 0.011038 0.012933
1 0.795450 0.490033 0.099850 0.065933
33 0.738800 0.501075 0.010525 0.042450
33 0.752125 0.331408 0.024650 0.095617
25 0.743981 0.421683 0.044838 0.067233
28 0.727100 0.336558 0.021700 0.034517
1 0.323575 0.476667 0.054875 0.051000
1 0.391962 0.459575 0.018750 0.026017
