10 0.182188 0.524725 0.008500 0.028517
10 0.921600 0.651333 0.052750 0.197833
10 0.885788 0.641325 0.042025 0.176683
10 0.986788 0.528458 0.010800 0.057217
10 0.858050 0.519233 0.008025 0.030633
10 0.871063 0.521450 0.010250 0.024733
10 0.846637 0.521408 0.006475 0.016517
10 0.457738 0.534333 0.007350 0.040600
10 0.449725 0.532458 0.007350 0.041117
10 0.443450 0.530858 0.007600 0.042550
10 0.429831 0.529350 0.010012 0.043433
10 0.206856 0.530392 0.014962 0.059983
10 0.193513 0.525583 0.013625 0.046833
10 0.305000 0.516242 0.007750 0.033817
10 0.312812 0.516783 0.007350 0.031333
10 0.265944 0.523992 0.011612 0.050383
10 0.256131 0.529767 0.009612 0.041667
10 0.021206 0.522200 0.012213 0.045933
10 0.012400 0.517667 0.007250 0.034400
10 0.096800 0.511592 0.006250 0.017183
