9 0.192925 0.417800 0.009500 0.015167
33 0.357419 0.255433 0.005563 0.025333
33 0.418056 0.358742 0.005712 0.023483
33 0.342438 0.353367 0.003250 0.010167
33 0.367250 0.394033 0.003625 0.010833
14 0.395438 0.368200 0.021000 0.047167
16 0.281000 0.421700 0.009875 0.016833
9 0.153175 0.416383 0.012250 0.021333
1 0.354488 0.426708 0.022625 0.033683
1 0.342863 0.422967 0.006875 0.020833
25 0.418838 0.384133 0.011325 0.018167
1 0.647519 0.403992 0.026463 0.031317
1 0.849988 0.427733 0.040275 0.019133
