10 0.186475 0.596525 0.026175 0.129250
10 0.193612 0.579758 0.019700 0.110250
10 0.039694 0.551342 0.012138 0.071683
10 0.024131 0.549267 0.013013 0.061500
10 0.500294 0.527100 0.005613 0.027767
10 0.490150 0.523708 0.006675 0.034550
10 0.481137 0.528067 0.004950 0.030467
10 0.031487 0.509533 0.004500 0.017833
10 0.025988 0.507533 0.005250 0.018167
10 0.043550 0.534275 0.014375 0.057683
10 0.397712 0.568342 0.019650 0.092650
10 0.379619 0.556625 0.015712 0.090717
10 0.368775 0.523650 0.004625 0.016667
10 0.309769 0.643725 0.067288 0.216983
10 0.271756 0.645867 0.043713 0.171567
10 0.237175 0.690717 0.111025 0.266433
10 0.150450 0.595650 0.022550 0.082600
10 0.011638 0.538092 0.011000 0.053517
10 0.206181 0.622783 0.046913 0.154133
