10 0.542013 0.518017 0.005750 0.032167
10 0.549131 0.516850 0.007013 0.022833
1 0.980069 0.542317 0.015438 0.025967
1 0.971831 0.553042 0.024138 0.037050
1 0.991119 0.575967 0.017763 0.079633
1 0.628694 0.514008 0.017837 0.012450
10 0.944831 0.556842 0.010662 0.050883
1 0.778256 0.684767 0.233787 0.184000
10 0.442056 0.492617 0.004763 0.019833
1 0.013531 0.574942 0.027062 0.078217
26 0.459250 0.510767 0.011250 0.032333
29 0.927756 0.602642 0.050588 0.071050
0 0.591800 0.418050 0.019100 0.037667
16 0.591400 0.450875 0.014525 0.027983
1 0.991488 0.526825 0.007400 0.018183
1 0.985350 0.530800 0.013800 0.025100
