10 0.218056 0.392992 0.027138 0.101883
10 0.243525 0.391333 0.025475 0.095600
10 0.254881 0.415692 0.023813 0.067550
10 0.274263 0.395208 0.026025 0.086383
10 0.284363 0.416433 0.024650 0.082333
1 0.094838 0.365492 0.104200 0.090983
1 0.089050 0.371208 0.083200 0.088683
1 0.066744 0.372058 0.037738 0.084683
10 0.201581 0.390408 0.014112 0.081950
10 0.181400 0.388375 0.019050 0.086017
10 0.192025 0.377492 0.011625 0.072350
10 0.156313 0.393550 0.024925 0.069767
10 0.165738 0.399267 0.013875 0.055367
14 0.718562 0.410150 0.014975 0.013900
14 0.841300 0.433492 0.010825 0.012150
1 0.030588 0.360342 0.061175 0.118417
