1 0.061675 0.493083 0.053675 0.102667
14 0.631313 0.494917 0.013250 0.014500
14 0.736500 0.511417 0.011375 0.011500
1 0.165725 0.481475 0.026125 0.050450
1 0.164763 0.487375 0.021600 0.042583
1 0.020894 0.494458 0.041787 0.129550
1 0.048587 0.493775 0.071575 0.113750
1 0.096537 0.487033 0.113550 0.096800
10 0.300856 0.509542 0.014262 0.043183
10 0.288363 0.510458 0.010750 0.036683
10 0.275613 0.496625 0.018750 0.060683
10 0.259550 0.494633 0.015375 0.054667
10 0.244738 0.499292 0.014250 0.054017
10 0.223869 0.498792 0.012263 0.049350
1 0.153544 0.488367 0.016338 0.050067
