10 0.983825 0.542108 0.014825 0.075617
10 0.553188 0.588242 0.024650 0.119650
10 0.994325 0.596967 0.011350 0.173467
10 0.643631 0.714850 0.070037 0.239033
10 0.678212 0.645400 0.044875 0.237700
10 0.023675 0.508750 0.004825 0.019800
10 0.016438 0.511258 0.006075 0.026717
10 0.015875 0.603267 0.031750 0.194767
10 0.529275 0.528825 0.007350 0.032250
10 0.625575 0.588400 0.026800 0.160800
26 0.106675 0.621925 0.036725 0.193717
10 0.596619 0.563033 0.018188 0.099867
26 0.055356 0.554717 0.017787 0.071167
26 0.035531 0.613992 0.027062 0.150283
26 0.066106 0.584367 0.011113 0.102800
10 0.577356 0.584092 0.029438 0.154750
32 0.123237 0.483500 0.019125 0.036467
10 0.974750 0.541367 0.010000 0.063267
