10 0.861231 0.619367 0.018762 0.028500
10 0.024925 0.555142 0.010075 0.042150
10 0.103106 0.565100 0.013362 0.040533
10 0.151062 0.594633 0.008875 0.062567
10 0.274062 0.609400 0.013125 0.077500
10 0.272000 0.598900 0.024000 0.075500
10 0.476875 0.512817 0.005250 0.021333
10 0.472438 0.515650 0.003375 0.022333
10 0.480625 0.511150 0.004000 0.020667
10 0.485244 0.512233 0.004262 0.016500
10 0.490250 0.505483 0.003250 0.015000
10 0.494125 0.509650 0.003250 0.020333
10 0.815488 0.548617 0.011500 0.024333
10 0.804550 0.543642 0.009875 0.024950
10 0.838738 0.589867 0.018750 0.038500
10 0.838613 0.608033 0.014500 0.039167
10 0.875231 0.612033 0.010262 0.019500
10 0.893994 0.592617 0.015512 0.039000
10 0.913300 0.554700 0.010875 0.030500
10 0.947338 0.563517 0.013500 0.025667
29 0.139137 0.598325 0.016375 0.046050
10 0.884313 0.535267 0.012125 0.025833
10 0.932775 0.556350 0.011625 0.018667
10 0.878800 0.590867 0.015125 0.043167
10 0.894925 0.574533 0.013625 0.028833
10 0.832063 0.546033 0.013625 0.029500
