1 0.913556 0.565333 0.045687 0.054433
10 0.068306 0.587317 0.013312 0.079867
10 0.102800 0.592325 0.026475 0.114950
10 0.350781 0.577367 0.044513 0.112033
10 0.483825 0.540275 0.016775 0.077317
10 0.454756 0.510575 0.009537 0.035283
22 0.052950 0.448258 0.036050 0.060150
10 0.077350 0.608283 0.021050 0.112933
26 0.508363 0.497608 0.005125 0.022850
29 0.547463 0.522000 0.009575 0.034133
29 0.956012 0.549500 0.011000 0.033333
1 0.953638 0.536075 0.024250 0.038517
1 0.966888 0.533908 0.006500 0.020183
1 0.979231 0.527717 0.018588 0.039867
1 0.722988 0.657742 0.356175 0.369917
1 0.825050 0.564958 0.121400 0.127283
1 0.886981 0.532108 0.018238 0.011150
1 0.929712 0.525842 0.010600 0.008350
