18 0.618775 0.399733 0.015500 0.020333
1 0.057500 0.475317 0.115000 0.053967
1 0.185056 0.470542 0.049187 0.046083
1 0.355644 0.455183 0.040538 0.040267
1 0.445225 0.454558 0.025675 0.026617
26 0.150781 0.471417 0.095863 0.120600
10 0.631900 0.461083 0.022700 0.073067
10 0.676200 0.471917 0.033500 0.157067
10 0.732763 0.462283 0.058000 0.173433
10 0.703044 0.450275 0.018012 0.066817
15 0.081475 0.288883 0.040300 0.051667
15 0.824750 0.222867 0.043950 0.057667
32 0.824137 0.279850 0.041350 0.053500
