10 0.985762 0.504833 0.005900 0.043500
26 0.741569 0.749442 0.187862 0.127583
26 0.475200 0.548825 0.009300 0.040383
26 0.504144 0.559825 0.012588 0.069583
10 0.631963 0.692458 0.044775 0.189883
10 0.526863 0.607983 0.022200 0.118500
10 0.456419 0.540200 0.007638 0.028267
10 0.896756 0.533033 0.015962 0.085167
10 0.805850 0.523342 0.011100 0.061083
10 0.822331 0.531900 0.010763 0.046733
26 0.213000 0.626583 0.044250 0.052833
10 0.516900 0.574508 0.011425 0.057050
10 0.022675 0.512342 0.013750 0.049350
26 0.090625 0.574500 0.036750 0.055333
10 0.766119 0.515242 0.007287 0.046717
10 0.780169 0.512200 0.008338 0.054600
10 0.870387 0.519175 0.011100 0.041650
10 0.836031 0.508767 0.010413 0.046733
26 0.374500 0.601417 0.014250 0.045167
10 0.853556 0.510575 0.007987 0.038483
10 0.993063 0.506892 0.006625 0.042150
