10 0.312419 0.625267 0.027763 0.080500
10 0.133650 0.674200 0.020525 0.100933
10 0.134044 0.620383 0.012012 0.020133
10 0.434575 0.545258 0.006875 0.039717
10 0.447050 0.557758 0.007025 0.047750
10 0.457500 0.556642 0.012900 0.053117
10 0.178575 0.692525 0.032525 0.135017
10 0.297331 0.765358 0.051287 0.158750
10 0.390600 0.732967 0.054875 0.183533
10 0.454450 0.716142 0.044150 0.163617
10 0.516544 0.678167 0.029712 0.143600
10 0.530937 0.653775 0.024925 0.148383
10 0.569775 0.637983 0.030025 0.140000
10 0.074900 0.549617 0.005200 0.018967
10 0.061538 0.548692 0.004850 0.020817
10 0.103444 0.650967 0.021312 0.110233
10 0.099869 0.602567 0.013737 0.034067
10 0.155537 0.723900 0.041825 0.134767
10 0.077381 0.673550 0.027237 0.122367
10 0.072444 0.595492 0.008037 0.044850
10 0.061488 0.634975 0.022925 0.100183
10 0.109175 0.554875 0.006200 0.028783
10 0.100888 0.554992 0.004350 0.026783
10 0.004787 0.575058 0.008700 0.052283
10 0.017119 0.654850 0.031238 0.115633
