1 0.447938 0.519075 0.026625 0.043183
9 0.710300 0.485658 0.006475 0.026950
10 0.557250 0.560483 0.021775 0.046667
1 0.462869 0.509575 0.012512 0.023850
10 0.530181 0.533300 0.007362 0.046500
1 0.474625 0.499992 0.005750 0.015017
1 0.716838 0.526850 0.015550 0.036633
1 0.349612 0.496992 0.027275 0.029683
10 0.521863 0.533133 0.008500 0.049500
10 0.514363 0.529717 0.006500 0.043333
1 0.070444 0.573833 0.070763 0.089200
1 0.019850 0.538242 0.019250 0.029183
1 0.005550 0.527417 0.011100 0.017833
1 0.243350 0.509742 0.051000 0.031183
1 0.467681 0.501742 0.010388 0.019517
