10 0.526963 0.558767 0.012125 0.069500
10 0.518575 0.552517 0.008600 0.058000
10 0.592650 0.662283 0.046150 0.230300
10 0.485650 0.517933 0.007750 0.025833
26 0.260375 0.701192 0.084475 0.073250
10 0.466562 0.538492 0.011800 0.059617
10 0.645237 0.710250 0.092775 0.286533
10 0.026431 0.638325 0.037738 0.204717
10 0.992125 0.530200 0.010000 0.042867
10 0.490581 0.517183 0.006613 0.022000
10 0.510025 0.541350 0.012750 0.055333
10 0.977475 0.561942 0.015500 0.087150
10 0.894331 0.682125 0.070962 0.307050
10 0.764331 0.689733 0.070962 0.303733
10 0.496950 0.522408 0.008575 0.025050
10 0.472900 0.531592 0.010200 0.062450
10 0.815369 0.529108 0.013563 0.036917
