1 0.306588 0.486333 0.026950 0.023833
1 0.029894 0.540592 0.052613 0.066017
1 0.171806 0.486508 0.059612 0.032483
1 0.208225 0.493075 0.022550 0.022117
2 0.506725 0.455308 0.003000 0.014383
30 0.547362 0.434117 0.006300 0.008800
10 0.686069 0.482100 0.040187 0.208733
10 0.671975 0.486700 0.025800 0.137167
2 0.032500 0.490917 0.006825 0.021400
4 0.312356 0.421075 0.013212 0.015483
2 0.269981 0.403125 0.015263 0.041750
31 0.037125 0.449967 0.008025 0.015533
1 0.248006 0.490308 0.032137 0.028350
1 0.281444 0.484433 0.034213 0.032500
14 0.460550 0.419108 0.041475 0.048383
2 0.034312 0.412500 0.015250 0.044433
