1 0.817950 0.777617 0.364100 0.360833
1 0.366706 0.609692 0.044162 0.059550
1 0.401194 0.604058 0.028788 0.032417
19 0.325325 0.558342 0.010550 0.016683
0 0.325594 0.539750 0.013588 0.019067
9 0.352494 0.546783 0.013413 0.017400
10 0.518081 0.626350 0.018188 0.072433
10 0.541406 0.620283 0.022262 0.064767
1 0.120325 0.646075 0.147925 0.132317
1 0.644931 0.689683 0.147888 0.162033
1 0.330988 0.605383 0.039200 0.029767
1 0.565794 0.665942 0.073388 0.108717
1 0.033131 0.655008 0.066263 0.188550
1 0.426000 0.616967 0.045650 0.042333
