10 0.581906 0.554542 0.011738 0.060717
1 0.434675 0.487150 0.018125 0.014833
1 0.329112 0.491317 0.036500 0.029833
26 0.295406 0.628483 0.142412 0.208400
10 0.591188 0.551517 0.011625 0.058933
10 0.552550 0.523150 0.006375 0.030167
10 0.545238 0.521283 0.007500 0.029433
10 0.537300 0.523817 0.006125 0.033500
10 0.004431 0.531317 0.008863 0.026833
1 0.013550 0.518150 0.007125 0.011500
1 0.064306 0.546983 0.043387 0.054500
1 0.129238 0.505900 0.025500 0.023333
1 0.161425 0.504733 0.027875 0.024000
