1 0.097650 0.620150 0.124375 0.192367
10 0.365725 0.536925 0.008825 0.038383
9 0.773512 0.465217 0.014100 0.065967
1 0.687900 0.503967 0.019375 0.016167
1 0.629900 0.495883 0.020125 0.021000
1 0.609294 0.502358 0.019587 0.015617
10 0.590425 0.506983 0.005350 0.020633
10 0.598075 0.507550 0.005075 0.019867
1 0.347525 0.525467 0.029375 0.023500
1 0.254794 0.530633 0.028337 0.021500
1 0.014275 0.515250 0.017375 0.022467
10 0.720300 0.501775 0.006225 0.017550
1 0.023725 0.527325 0.014025 0.028717
10 0.713219 0.507267 0.004188 0.015433
10 0.631350 0.521633 0.004775 0.036833
10 0.717256 0.544300 0.015963 0.074033
30 0.822400 0.486692 0.016650 0.032850
30 0.239444 0.509367 0.009713 0.016200
