1 0.330494 0.673108 0.026163 0.026883
1 0.794531 0.703658 0.088137 0.142550
14 0.060825 0.516525 0.026700 0.149983
14 0.701956 0.558558 0.043037 0.033450
9 0.215519 0.602067 0.013938 0.026633
2 0.324681 0.524025 0.013012 0.061317
2 0.880500 0.471058 0.014400 0.064417
1 0.415300 0.662483 0.016600 0.020400
2 0.659606 0.539817 0.009287 0.045833
1 0.433138 0.662717 0.014225 0.019000
1 0.097594 0.661392 0.032387 0.035983
1 0.248025 0.756275 0.237575 0.291017
1 0.520062 0.661792 0.015275 0.019950
1 0.827675 0.626883 0.082925 0.060133
1 0.472475 0.778775 0.153200 0.214350
