26 0.786212 0.564108 0.020725 0.044383
26 0.830900 0.543308 0.018925 0.031583
26 0.841850 0.538717 0.016225 0.028800
29 0.816312 0.560950 0.032975 0.060467
10 0.702225 0.617050 0.022200 0.125167
1 0.015637 0.506917 0.031275 0.074667
10 0.091000 0.518217 0.011400 0.048733
29 0.132713 0.544025 0.043200 0.051150
29 0.121387 0.551900 0.047650 0.068433
29 0.062200 0.602825 0.085700 0.152683
29 0.158369 0.511117 0.029063 0.031267
29 0.202806 0.505692 0.009112 0.018350
26 0.194975 0.533067 0.012775 0.055500
26 0.876606 0.762192 0.093513 0.252250
26 0.750681 0.602892 0.051013 0.079583
26 0.769875 0.565908 0.029425 0.061583
