14 0.355975 0.537400 0.022025 0.063600
1 0.787119 0.613350 0.241288 0.165833
1 0.593725 0.576875 0.032800 0.019850
1 0.375294 0.571075 0.020138 0.034850
1 0.379737 0.587333 0.018200 0.018333
1 0.459737 0.584433 0.011125 0.018500
1 0.438675 0.596767 0.032750 0.037167
29 0.645119 0.606242 0.044062 0.084683
1 0.961969 0.612108 0.076063 0.087050
1 0.570575 0.601608 0.069925 0.059150
1 0.468112 0.589183 0.020125 0.022667
1 0.517044 0.597125 0.038088 0.035850
1 0.486462 0.591750 0.024425 0.028067
14 0.704031 0.511217 0.026312 0.012900
31 0.276012 0.546200 0.011925 0.014133
14 0.289106 0.534808 0.034988 0.049417
