1 0.624081 0.672533 0.038762 0.053200
1 0.601931 0.666267 0.019387 0.038433
16 0.183863 0.688067 0.008025 0.019567
16 0.388606 0.705592 0.012737 0.026583
21 0.738400 0.538133 0.027450 0.056600
14 0.277856 0.611092 0.020487 0.032483
14 0.352612 0.608325 0.019375 0.035083
26 0.676988 0.710075 0.024675 0.067450
1 0.088219 0.728742 0.176437 0.203050
1 0.019600 0.647883 0.039200 0.073233
1 0.303800 0.682642 0.060350 0.061650
1 0.399594 0.675417 0.049288 0.055400
1 0.507988 0.677283 0.037925 0.045033
