1 0.355825 0.472908 0.042775 0.037483
1 0.142925 0.468408 0.015025 0.023483
1 0.091438 0.514317 0.052150 0.089133
9 0.984688 0.508767 0.008400 0.011933
1 0.907856 0.552108 0.011338 0.014250
1 0.743450 0.589258 0.029800 0.034983
31 0.672212 0.520775 0.014300 0.027183
18 0.319169 0.391317 0.010087 0.024267
10 0.766650 0.632400 0.020825 0.081500
1 0.894087 0.626192 0.107550 0.097617
1 0.831562 0.595958 0.028500 0.033683
1 0.804350 0.608917 0.055725 0.061333
1 0.770331 0.587317 0.018787 0.020733
1 0.383750 0.472158 0.015400 0.027983
1 0.399300 0.467408 0.017275 0.022483
