10 0.594244 0.397675 0.024937 0.101083
9 0.105956 0.454625 0.008463 0.024517
20 0.801075 0.239908 0.021275 0.044050
19 0.800381 0.304867 0.018762 0.038833
18 0.840881 0.223900 0.027263 0.048767
9 0.622606 0.293692 0.018738 0.033983
9 0.509969 0.343417 0.012363 0.025500
1 0.256850 0.432150 0.017450 0.026300
1 0.716044 0.378717 0.071412 0.065033
1 0.777881 0.375583 0.081288 0.068200
1 0.850744 0.367883 0.092313 0.069667
1 0.357100 0.431183 0.071800 0.091567
1 0.902987 0.367883 0.059800 0.051100
1 0.944794 0.359750 0.062112 0.062700
1 0.307956 0.422458 0.026713 0.041017
