30 0.874977 0.628266 0.055846 0.074461
14 0.753572 0.629580 0.233909 0.148572
1 0.558803 0.922814 0.246375 0.154373
1 0.792884 0.918886 0.093331 0.150536
1 0.944363 0.896386 0.111275 0.207229
31 0.204096 0.785049 0.020902 0.031739
31 0.745775 0.725443 0.027868 0.041029
4 0.912880 0.745562 0.088000 0.110255
9 0.590804 0.719636 0.045054 0.069663
9 0.207262 0.743016 0.035162 0.049281
10 0.767744 0.867438 0.042150 0.093667
33 0.929189 0.438266 0.060701 0.221873
33 0.920289 0.910874 0.025647 0.107775
