36 0.777509 0.404766 0.025488 0.035912
18 0.170652 0.515891 0.023005 0.030984
1 0.023119 0.611281 0.046238 0.058608
1 0.184131 0.604935 0.186189 0.086235
1 0.086977 0.606054 0.062998 0.084742
10 0.284468 0.577533 0.019868 0.065810
30 0.935362 0.442972 0.014571 0.020899
2 0.947554 0.514964 0.007608 0.031739
9 0.875563 0.445681 0.020380 0.047997
4 0.978935 0.407750 0.037738 0.047997
34 0.819525 0.517472 0.010157 0.043029
34 0.825522 0.354799 0.024402 0.091507
34 0.071566 0.343806 0.027775 0.103500
34 0.078126 0.517472 0.011659 0.046029
