4 0.909425 0.622247 0.034110 0.038480
9 0.638897 0.707856 0.012407 0.019490
9 0.338103 0.692614 0.013529 0.028987
9 0.163080 0.695363 0.014993 0.035484
14 0.543474 0.703345 0.031056 0.030082
30 0.204767 0.713039 0.008103 0.011523
30 0.182016 0.688194 0.009586 0.013324
1 0.028411 0.775838 0.056821 0.030984
1 0.703164 0.781799 0.072760 0.081624
1 0.748827 0.777449 0.033620 0.063559
1 0.960580 0.782804 0.069748 0.066235
36 0.394664 0.711920 0.006873 0.015833
6 0.394643 0.694108 0.006189 0.019876
2 0.381776 0.747082 0.006561 0.029373
2 0.375214 0.619183 0.015311 0.059366
2 0.656466 0.344853 0.017907 0.065497
2 0.887891 0.591141 0.011086 0.074732
2 0.896588 0.746075 0.009181 0.035647
16 0.184705 0.812685 0.035414 0.048768
16 0.853212 0.760160 0.016517 0.022399
