34 0.124033 0.621634 0.035414 0.134693
34 0.957163 0.717237 0.029610 0.110696
34 0.956582 0.915794 0.013355 0.049542
34 0.120550 0.888312 0.015674 0.062703
30 0.006070 0.784495 0.012140 0.029036
30 0.935484 0.764057 0.018875 0.057324
1 0.348708 0.953105 0.427377 0.093791
10 0.235827 0.880583 0.024184 0.072546
10 0.881574 0.821085 0.032093 0.054353
10 0.987190 0.820796 0.025620 0.064186
10 0.761877 0.850286 0.031225 0.059559
10 0.792641 0.843286 0.027811 0.069023
1 0.585854 0.877320 0.134169 0.095216
