14 0.754831 0.653181 0.080765 0.156069
22 0.235913 0.755912 0.024640 0.046118
22 0.334821 0.776201 0.028152 0.036755
22 0.871468 0.636373 0.018539 0.047843
4 0.670475 0.604735 0.077946 0.089026
4 0.871794 0.685668 0.023319 0.048559
1 0.630222 0.809642 0.031350 0.037010
1 0.646018 0.835729 0.052100 0.057327
10 0.601506 0.790542 0.008600 0.035745
10 0.478337 0.791554 0.011130 0.033722
10 0.462656 0.790542 0.010115 0.033046
10 0.677632 0.831008 0.031363 0.119376
16 0.125386 0.852641 0.058017 0.076150
36 0.656922 0.723118 0.020985 0.033810
