4 0.911487 0.618500 0.032983 0.037980
34 0.377380 0.613186 0.014902 0.058745
34 0.659375 0.339199 0.017525 0.065196
34 0.889396 0.585953 0.008993 0.073062
9 0.164129 0.685967 0.013493 0.034484
9 0.339920 0.685467 0.012743 0.026490
9 0.640082 0.701510 0.012341 0.019359
14 0.545197 0.697106 0.029929 0.029003
30 0.184445 0.679301 0.009218 0.014373
1 0.875527 0.785479 0.117417 0.098350
1 0.705674 0.774740 0.079784 0.075670
1 0.751838 0.772766 0.042652 0.063559
1 0.030164 0.765141 0.060328 0.029373
36 0.396148 0.704838 0.006718 0.016245
6 0.396256 0.687075 0.006277 0.019993
16 0.187756 0.804789 0.035306 0.050807
31 0.208582 0.705588 0.006718 0.010000
