22 0.151179 0.806859 0.020652 0.030987
2 0.202316 0.374730 0.064838 0.264990
2 0.223450 0.944275 0.022571 0.109111
33 0.975377 0.863123 0.007373 0.032382
33 0.981228 0.724435 0.010510 0.061928
1 0.114238 0.920824 0.228475 0.122288
1 0.527191 0.893539 0.053387 0.035850
10 0.342863 0.890879 0.012020 0.044490
10 0.361506 0.888719 0.009071 0.040170
10 0.373331 0.891958 0.008098 0.034556
10 0.388232 0.887855 0.013282 0.044487
10 0.603233 0.903363 0.035608 0.089458
10 0.588446 0.886373 0.006784 0.031484
10 0.716055 0.888121 0.007870 0.024987
10 0.693581 0.927979 0.042382 0.144042
10 0.956001 0.906276 0.030772 0.060389
10 0.461930 0.882662 0.008708 0.036382
14 0.695221 0.766614 0.049873 0.072281
14 0.757507 0.854634 0.027422 0.013503
28 0.691431 0.742768 0.005667 0.012961
28 0.692523 0.780149 0.005733 0.012467
9 0.800814 0.855703 0.007358 0.010817
9 0.908471 0.858954 0.006887 0.009183
31 0.461429 0.770412 0.024652 0.034987
31 0.399555 0.825915 0.007159 0.012961
30 0.960740 0.781400 0.014588 0.019788
30 0.503640 0.781098 0.013608 0.027288
