22 0.161401 0.555008 0.037620 0.100324
0 0.161536 0.661557 0.040037 0.112931
0 0.136315 0.736051 0.015870 0.023225
26 0.282349 0.796361 0.026159 0.041801
29 0.196999 0.793005 0.040272 0.046944
10 0.556865 0.775487 0.015608 0.057118
22 0.967897 0.683614 0.064206 0.145144
1 0.087761 0.816172 0.029390 0.058676
1 0.087256 0.739286 0.027365 0.041141
1 0.211689 0.722425 0.065809 0.038444
1 0.266319 0.725797 0.068843 0.035745
1 0.421608 0.774356 0.063784 0.042490
1 0.473480 0.765925 0.059181 0.049908
1 0.514958 0.763227 0.048054 0.047212
1 0.582739 0.771995 0.086498 0.053958
1 0.640884 0.765252 0.070360 0.060699
1 0.689950 0.755471 0.044056 0.046536
1 0.861931 0.768959 0.100711 0.051931
1 0.929990 0.758507 0.064745 0.048562
