14 0.276604 0.415698 0.158154 0.278853
28 0.187449 0.719642 0.013309 0.029363
14 0.227180 0.652167 0.152953 0.188817
35 0.222248 0.351670 0.028623 0.069967
19 0.359218 0.753232 0.060765 0.080954
22 0.071086 0.834345 0.057515 0.105807
30 0.943200 0.786828 0.042439 0.058833
2 0.895042 0.914691 0.008118 0.034382
10 0.606772 0.942484 0.037632 0.115033
10 0.639137 0.943487 0.029103 0.113026
10 0.529749 0.954526 0.069248 0.090948
10 0.648670 0.963892 0.064228 0.072216
1 0.186777 0.930307 0.223922 0.139386
10 0.719172 0.952853 0.075770 0.094294
10 0.802216 0.948170 0.085304 0.103660
