4 0.902395 0.850565 0.030652 0.041588
22 0.784835 0.854314 0.018007 0.027078
10 0.863086 0.892727 0.009828 0.052147
10 0.649027 0.884082 0.012549 0.046569
10 0.311778 0.885755 0.011493 0.046569
10 0.326213 0.884082 0.011083 0.044340
10 0.342108 0.884082 0.006902 0.041549
16 0.135768 0.666038 0.111600 0.135611
34 0.271755 0.775098 0.014936 0.062673
34 0.275967 0.910077 0.006512 0.028552
34 0.882112 0.728363 0.018821 0.082111
0 0.148831 0.523881 0.075157 0.129199
9 0.460859 0.825626 0.018439 0.025827
