30 0.760320 0.768556 0.029767 0.040889
30 0.891615 0.669634 0.053147 0.075660
30 0.217603 0.824912 0.025270 0.033693
14 0.767038 0.668487 0.233321 0.151497
1 0.571096 0.944892 0.250892 0.110216
1 0.807180 0.945225 0.091816 0.109549
1 0.952390 0.932180 0.095221 0.135641
4 0.927658 0.791242 0.092027 0.112046
9 0.603844 0.759203 0.042355 0.069667
9 0.220301 0.781985 0.034265 0.045683
10 0.782510 0.910810 0.042730 0.102451
34 0.946327 0.481843 0.060625 0.223843
34 0.935058 0.952327 0.025650 0.095340
