19 0.521325 0.666431 0.028444 0.038484
10 0.027185 0.734087 0.020444 0.052539
10 0.005327 0.737219 0.010654 0.053503
10 0.229907 0.735773 0.017373 0.059291
28 0.935276 0.510038 0.010081 0.017546
28 0.932167 0.463856 0.010397 0.017824
22 0.313113 0.647608 0.038588 0.054804
22 0.680659 0.809041 0.011206 0.021265
22 0.859203 0.689359 0.031637 0.040353
21 0.069113 0.644946 0.019240 0.029310
36 0.069886 0.618273 0.014120 0.022997
14 0.930877 0.561283 0.112392 0.232827
9 0.458920 0.685258 0.016248 0.030203
