14 0.925341 0.524487 0.043525 0.092333
14 0.902477 0.536011 0.008238 0.061873
14 0.760229 0.540609 0.024718 0.029546
10 0.892025 0.594502 0.013877 0.041114
10 0.906337 0.594502 0.009542 0.042271
9 0.123368 0.571747 0.014657 0.024539
1 0.012180 0.620608 0.024360 0.047993
1 0.749563 0.580995 0.027115 0.023618
1 0.773233 0.574368 0.020623 0.020971
1 0.804596 0.577502 0.019721 0.020487
35 0.909571 0.486920 0.005495 0.007467
33 0.667299 0.533132 0.005549 0.019265
33 0.669156 0.577843 0.001831 0.009647
33 0.875941 0.544855 0.006804 0.021598
5 0.471576 0.553828 0.007941 0.013134
10 0.570116 0.582676 0.008365 0.030144
10 0.593322 0.584503 0.009223 0.026490
30 0.457640 0.546440 0.010039 0.018127
31 0.950358 0.560083 0.003397 0.006690
19 0.875484 0.565364 0.011787 0.014931
34 0.353570 0.509134 0.017169 0.066085
34 0.336400 0.509134 0.015225 0.064359
34 0.349196 0.622085 0.006480 0.030235
34 0.787767 0.506467 0.018632 0.073562
34 0.788118 0.671340 0.008250 0.033556
