26 0.927136 0.573111 0.068434 0.158392
36 0.794205 0.420926 0.025537 0.037088
18 0.185550 0.525758 0.023350 0.030497
1 0.029888 0.611683 0.059777 0.071627
1 0.193836 0.614381 0.179554 0.088173
1 0.101640 0.616361 0.062431 0.086147
10 0.323404 0.596013 0.025544 0.086699
30 0.951781 0.461598 0.013870 0.020039
2 0.962358 0.533930 0.009348 0.029415
9 0.891240 0.464645 0.020373 0.050317
4 0.989032 0.427876 0.021936 0.047993
34 0.842760 0.372529 0.025603 0.092118
34 0.835212 0.533930 0.010507 0.044899
34 0.093815 0.528123 0.013993 0.047219
