1 0.588108 0.914899 0.142176 0.095922
10 0.245277 0.927654 0.034696 0.101771
10 0.743040 0.892951 0.022061 0.061765
10 0.775435 0.884961 0.018174 0.048379
10 0.821452 0.880641 0.023973 0.050967
10 0.850105 0.870708 0.030809 0.062199
10 0.913600 0.856237 0.036637 0.053990
30 0.010278 0.818031 0.017110 0.028840
30 0.941586 0.797289 0.023132 0.055598
1 0.972812 0.897343 0.054375 0.076268
34 0.962661 0.752127 0.029154 0.111131
34 0.962411 0.950198 0.011591 0.053526
34 0.126190 0.919054 0.013096 0.063624
34 0.130957 0.654448 0.032664 0.133876
