1 0.504206 0.663683 0.017413 0.024767
14 0.625125 0.606750 0.013175 0.043500
1 0.377062 0.679158 0.044125 0.047983
1 0.751587 0.696042 0.120175 0.085150
1 0.940275 0.713067 0.091150 0.190433
14 0.646819 0.608300 0.017238 0.038467
33 0.293963 0.539075 0.012550 0.048850
33 0.685106 0.556808 0.012037 0.042817
26 0.599725 0.664058 0.009675 0.034517
1 0.483594 0.674517 0.031937 0.037167
1 0.411019 0.664842 0.029612 0.022450
1 0.332938 0.687317 0.060375 0.050367
1 0.261525 0.684583 0.075475 0.083600
1 0.167756 0.689225 0.123662 0.109917
1 0.031194 0.674908 0.062387 0.150950
