1 0.034519 0.540283 0.034662 0.029367
28 0.640144 0.468500 0.020087 0.040600
10 0.905419 0.535617 0.010837 0.052100
10 0.918644 0.543467 0.008662 0.039900
26 0.841669 0.699583 0.071988 0.150933
26 0.763581 0.710283 0.033013 0.204700
26 0.707006 0.679325 0.076762 0.184517
10 0.319956 0.566133 0.010838 0.047267
1 0.154637 0.578067 0.069100 0.038700
1 0.156056 0.560650 0.049988 0.024000
26 0.219812 0.595108 0.023825 0.043683
1 0.050375 0.564475 0.026275 0.043183
28 0.198694 0.567600 0.008987 0.018967
