1 0.378125 0.582375 0.022600 0.038750
1 0.686294 0.611867 0.175662 0.134733
1 0.538806 0.602292 0.055112 0.054417
1 0.482944 0.608475 0.067663 0.069383
1 0.899194 0.596258 0.110637 0.064183
14 0.747306 0.538158 0.024838 0.023950
16 0.559456 0.580658 0.011038 0.016283
36 0.052656 0.548683 0.012112 0.018000
14 0.706375 0.526908 0.022650 0.035617
14 0.355931 0.544850 0.024887 0.060233
14 0.291825 0.543033 0.035550 0.048233
31 0.276881 0.553483 0.012963 0.016567
1 0.436481 0.597700 0.025588 0.028900
