1 0.405694 0.564708 0.018738 0.017583
10 0.130387 0.585417 0.008000 0.034333
1 0.014081 0.599617 0.028163 0.052233
1 0.177700 0.560967 0.029875 0.019433
1 0.208762 0.563300 0.023975 0.022167
1 0.432069 0.563525 0.018737 0.018917
10 0.118325 0.581325 0.008875 0.034850
10 0.102512 0.582917 0.008500 0.036667
10 0.071950 0.587742 0.010125 0.037017
10 0.087762 0.588408 0.011250 0.047350
10 0.594131 0.588633 0.025763 0.080667
33 0.618769 0.480392 0.013437 0.041817
33 0.282231 0.474783 0.012312 0.043300
10 0.147888 0.574225 0.010300 0.026583
1 0.488613 0.602400 0.069425 0.082867
