29 0.792088 0.540433 0.033325 0.048533
10 0.918575 0.542150 0.013600 0.068667
26 0.141956 0.581825 0.028113 0.079217
10 0.739544 0.534742 0.009187 0.057650
10 0.908963 0.553342 0.007375 0.040883
10 0.729019 0.528783 0.009638 0.052300
26 0.054831 0.551042 0.031313 0.034783
26 0.174056 0.595175 0.019312 0.082483
26 0.371713 0.577508 0.036825 0.061083
26 0.341881 0.579125 0.025738 0.062150
26 0.315381 0.582058 0.020913 0.060550
26 0.292900 0.585008 0.023325 0.064283
26 0.264594 0.588758 0.026137 0.069650
26 0.229462 0.599458 0.028150 0.079283
26 0.200156 0.598925 0.020112 0.085717
1 0.649244 0.547975 0.096662 0.162183
29 0.476450 0.547333 0.023650 0.068000
29 0.083556 0.580133 0.054887 0.095167
29 0.849112 0.560700 0.037000 0.065833
