1 0.254281 0.520108 0.026562 0.034550
26 0.338969 0.626933 0.044537 0.084033
1 0.294931 0.528967 0.020413 0.030667
16 0.917663 0.488233 0.007250 0.015667
9 0.337212 0.501850 0.010000 0.020167
26 0.396994 0.592675 0.039238 0.048650
1 0.673606 0.551425 0.026863 0.019683
1 0.789637 0.518200 0.032425 0.033233
1 0.962231 0.470567 0.075537 0.231533
1 0.046750 0.452675 0.093500 0.189817
29 0.386781 0.634275 0.045562 0.083150
1 0.628600 0.563042 0.017175 0.015817
1 0.829569 0.497383 0.025162 0.021933
1 0.810462 0.508167 0.024175 0.027333
1 0.111212 0.466750 0.030000 0.039400
1 0.496112 0.578633 0.015225 0.018567
1 0.448650 0.574100 0.015550 0.023333
1 0.320850 0.534317 0.017825 0.026700
