14 0.523981 0.454233 0.023762 0.032833
10 0.749294 0.504392 0.013437 0.059617
14 0.548800 0.442817 0.028375 0.049000
10 0.935906 0.455125 0.004813 0.021583
1 0.993912 0.464583 0.012175 0.038600
1 0.979994 0.453608 0.022088 0.025217
1 0.867975 0.473175 0.051800 0.041750
1 0.874200 0.528550 0.101975 0.087300
1 0.796106 0.488158 0.070263 0.049250
1 0.414481 0.505583 0.041088 0.065233
1 0.172000 0.603958 0.197950 0.133417
18 0.802494 0.431783 0.005263 0.012333
16 0.700387 0.494708 0.018600 0.030817
32 0.499362 0.442358 0.010375 0.010517
15 0.489112 0.458283 0.007625 0.011667
10 0.394106 0.531000 0.018638 0.055000
10 0.690506 0.508158 0.013912 0.056717
