30 0.229194 0.474542 0.008538 0.010617
30 0.213650 0.473392 0.009250 0.012150
18 0.089800 0.447367 0.011875 0.013500
10 0.480125 0.547175 0.011800 0.041183
10 0.492444 0.546250 0.010763 0.046733
10 0.508581 0.540467 0.006938 0.049033
1 0.036244 0.528350 0.072487 0.055500
1 0.376319 0.536117 0.046713 0.046633
30 0.065638 0.434892 0.014400 0.017850
30 0.528356 0.482708 0.010763 0.019683
2 0.496663 0.504217 0.011075 0.043233
24 0.689719 0.234308 0.079188 0.145283
2 0.484712 0.335725 0.023375 0.103117
