1 0.924300 0.451625 0.151400 0.174783
1 0.764656 0.377950 0.034938 0.034833
1 0.853437 0.381867 0.026300 0.025633
1 0.603381 0.387283 0.057587 0.050800
1 0.574450 0.381442 0.050525 0.042150
1 0.510650 0.385583 0.079900 0.050433
1 0.684087 0.427175 0.159550 0.130550
1 0.457906 0.384267 0.026287 0.064067
1 0.256200 0.387292 0.065275 0.072517
1 0.389456 0.389708 0.119663 0.087017
1 0.133819 0.398167 0.230263 0.106367
18 0.184475 0.285192 0.016100 0.027650
18 0.935919 0.202608 0.062562 0.080983
31 0.109031 0.235575 0.028788 0.042150
