14 0.369700 0.501692 0.017900 0.034950
10 0.304913 0.561717 0.009975 0.051433
10 0.314675 0.563717 0.007800 0.043933
28 0.611894 0.441125 0.017362 0.030250
28 0.578325 0.459475 0.010125 0.016150
25 0.556775 0.502758 0.015000 0.019817
33 0.556538 0.471617 0.007950 0.033500
14 0.310681 0.483375 0.017363 0.053750
1 0.233338 0.570225 0.129350 0.156417
1 0.450731 0.544742 0.017662 0.028717
1 0.432944 0.542483 0.016463 0.026133
1 0.413344 0.547150 0.026613 0.034200
1 0.447219 0.520217 0.019838 0.022267
1 0.479394 0.563933 0.060037 0.083233
