9 0.181375 0.409317 0.008900 0.018733
9 0.106125 0.412192 0.009225 0.017917
19 0.551713 0.389417 0.025725 0.045733
19 0.955456 0.369917 0.013512 0.030433
9 0.049025 0.415108 0.009375 0.019583
1 0.884256 0.396642 0.057788 0.035317
1 0.295162 0.417617 0.023625 0.029167
1 0.383519 0.409850 0.049237 0.049667
1 0.397450 0.426267 0.022675 0.043633
1 0.417369 0.426258 0.034663 0.055717
1 0.454300 0.435117 0.059925 0.071700
1 0.347700 0.429092 0.046450 0.066750
1 0.048494 0.433708 0.044837 0.022483
2 0.445725 0.352017 0.006375 0.021833
2 0.390012 0.252517 0.005125 0.024333
14 0.362862 0.317850 0.027125 0.048667
14 0.333550 0.326017 0.028250 0.033000
