1 0.152319 0.527067 0.021538 0.030333
1 0.294594 0.509642 0.041888 0.043883
1 0.233025 0.525933 0.036775 0.044200
1 0.332225 0.505775 0.048425 0.035483
10 0.015669 0.536408 0.003887 0.011650
26 0.271575 0.614150 0.071950 0.102367
1 0.191406 0.523683 0.043563 0.043567
10 0.745856 0.569883 0.011013 0.037133
10 0.022131 0.537267 0.006512 0.021167
10 0.771125 0.576575 0.009725 0.037583
10 0.053394 0.576800 0.019788 0.070833
10 0.784219 0.597800 0.012312 0.070933
10 0.844812 0.591267 0.010725 0.048800
