10 0.338481 0.505092 0.010463 0.037083
9 0.002800 0.519300 0.005600 0.014233
1 0.340763 0.492433 0.021375 0.018667
1 0.362638 0.491017 0.008125 0.012167
1 0.374163 0.489350 0.012425 0.014167
1 0.926987 0.541425 0.013050 0.016983
1 0.942969 0.540533 0.011562 0.016500
14 0.763975 0.487417 0.055075 0.076933
29 0.559544 0.550517 0.034913 0.045333
6 0.526044 0.478342 0.010637 0.027983
10 0.484887 0.515300 0.007275 0.025767
10 0.524225 0.542733 0.013725 0.059733
10 0.417762 0.516858 0.013125 0.033550
10 0.318169 0.499467 0.005463 0.022900
22 0.249056 0.472925 0.009712 0.026350
