10 0.583531 0.536867 0.009312 0.037500
10 0.529019 0.518167 0.004863 0.027000
10 0.767519 0.599558 0.020138 0.106583
10 0.448006 0.523142 0.007937 0.033850
10 0.593437 0.570642 0.014875 0.083917
10 0.219156 0.532433 0.007162 0.030233
10 0.131544 0.537342 0.013163 0.049850
10 0.044938 0.537942 0.009375 0.044883
26 0.801156 0.558717 0.019387 0.037600
26 0.817213 0.561608 0.024300 0.034517
1 0.693487 0.518800 0.036075 0.027800
1 0.539475 0.504167 0.037625 0.034967
1 0.005400 0.514467 0.010325 0.020333
26 0.662463 0.581275 0.030950 0.043383
