10 0.769250 0.579300 0.007000 0.054167
10 0.791050 0.627783 0.035500 0.120267
10 0.011338 0.536650 0.006875 0.025333
10 0.036025 0.538150 0.007750 0.025333
10 0.028831 0.536808 0.007637 0.030350
10 0.049331 0.516058 0.004387 0.012183
10 0.094219 0.512608 0.005012 0.017350
10 0.087975 0.509533 0.007500 0.021500
10 0.614062 0.544875 0.008875 0.034017
10 0.756688 0.578958 0.015625 0.053850
10 0.803175 0.559900 0.006625 0.021500
1 0.627325 0.532958 0.021500 0.030017
1 0.285194 0.464650 0.038762 0.035000
