10 0.828556 0.553683 0.007212 0.032633
10 0.039950 0.561067 0.017700 0.067233
10 0.569338 0.515392 0.003000 0.013683
10 0.533744 0.534250 0.007662 0.041467
1 0.645238 0.543900 0.032225 0.040900
1 0.391562 0.497525 0.016500 0.019183
1 0.170825 0.498975 0.099250 0.108717
10 0.024156 0.544792 0.008513 0.046017
10 0.080337 0.519542 0.006125 0.029350
10 0.489313 0.505617 0.002875 0.016333
1 0.441762 0.487175 0.023250 0.040683
10 0.556488 0.587317 0.021025 0.108700
10 0.617256 0.568100 0.014513 0.042633
10 0.761669 0.544375 0.005562 0.020417
10 0.577056 0.548783 0.012013 0.062067
