16 0.051412 0.368450 0.015275 0.046767
18 0.988750 0.133025 0.022500 0.048383
1 0.979044 0.297400 0.041912 0.118367
1 0.929194 0.268683 0.057163 0.046567
1 0.820256 0.265300 0.040363 0.034967
1 0.435656 0.293658 0.142912 0.081783
31 0.455281 0.188550 0.014263 0.023333
31 0.236375 0.224400 0.012375 0.019800
1 0.700606 0.273933 0.066937 0.046500
1 0.519562 0.283900 0.060400 0.059767
1 0.572031 0.264592 0.093713 0.060183
1 0.625419 0.277258 0.069738 0.056450
1 0.662000 0.255475 0.044525 0.030283
1 0.759925 0.269158 0.075975 0.056883
1 0.874950 0.257433 0.035800 0.038867
29 0.827106 0.264333 0.017037 0.048267
