1 0.545987 0.494508 0.051200 0.047317
1 0.459963 0.503625 0.069575 0.072817
33 0.365837 0.420692 0.006200 0.019350
33 0.083531 0.251725 0.036237 0.095383
33 0.557138 0.429858 0.004650 0.018083
31 0.772750 0.440867 0.008125 0.009667
14 0.660919 0.404917 0.026887 0.061833
14 0.706619 0.408492 0.034937 0.052317
1 0.178269 0.600283 0.356538 0.341933
1 0.392638 0.488633 0.047075 0.051600
1 0.345706 0.471650 0.029387 0.026400
1 0.869331 0.600225 0.261338 0.416450
1 0.411231 0.463858 0.014687 0.020383
