10 0.506162 0.583900 0.009625 0.038667
30 0.976800 0.463817 0.021850 0.024067
31 0.569925 0.544475 0.005250 0.007017
2 0.476425 0.539492 0.005000 0.014017
1 0.014956 0.646617 0.029912 0.115667
1 0.169850 0.612517 0.101050 0.084533
1 0.256200 0.602358 0.061825 0.049283
1 0.287450 0.590867 0.041900 0.045400
1 0.313138 0.588550 0.016350 0.034133
1 0.323906 0.587000 0.015913 0.028733
1 0.339463 0.578900 0.025600 0.032967
1 0.355294 0.577458 0.011287 0.023917
1 0.369688 0.572342 0.018075 0.021417
1 0.408156 0.615283 0.088387 0.099233
1 0.625362 0.617125 0.138425 0.112183
1 0.543569 0.608933 0.060262 0.073767
1 0.499600 0.583733 0.042000 0.037667
10 0.495412 0.583983 0.011875 0.042500
10 0.514600 0.582483 0.008500 0.036833
