10 0.745038 0.527792 0.008625 0.037017
1 0.004231 0.563000 0.008462 0.040933
1 0.020031 0.517817 0.040062 0.065667
1 0.519931 0.612292 0.234387 0.291650
1 0.615788 0.528558 0.019675 0.026217
1 0.972806 0.525617 0.054387 0.098500
14 0.206556 0.257158 0.090337 0.033183
14 0.389069 0.473633 0.013937 0.036400
14 0.773694 0.452083 0.023813 0.030467
14 0.885506 0.396575 0.046863 0.114617
14 0.958694 0.396058 0.045688 0.103250
14 0.818363 0.450592 0.038975 0.032850
10 0.715412 0.529633 0.011375 0.038000
10 0.731662 0.533208 0.009125 0.029850
10 0.754288 0.529458 0.007875 0.032017
4 0.294663 0.306542 0.067825 0.111483
