1 0.142056 0.635242 0.046163 0.047183
1 0.184631 0.637442 0.039587 0.049983
1 0.216913 0.638075 0.036925 0.040850
1 0.314481 0.664433 0.021588 0.022400
1 0.526525 0.610550 0.027100 0.014033
8 0.296037 0.633842 0.023700 0.046783
1 0.142219 0.576083 0.054288 0.056833
1 0.184644 0.588858 0.037212 0.047983
1 0.219119 0.598658 0.031188 0.037183
1 0.190375 0.613900 0.156550 0.128900
1 0.244456 0.600650 0.028488 0.034800
14 0.381463 0.608300 0.019700 0.037633
8 0.617988 0.650442 0.027525 0.047183
14 0.402981 0.621150 0.013437 0.017333
