1 0.658044 0.538100 0.023263 0.020167
10 0.724981 0.568067 0.010213 0.043633
10 0.457962 0.505975 0.006625 0.026050
10 0.209981 0.507100 0.006363 0.037167
10 0.252794 0.497600 0.006513 0.018833
1 0.283863 0.494183 0.012125 0.019000
1 0.676225 0.536592 0.014125 0.013483
1 0.643737 0.536850 0.009875 0.016333
14 0.889050 0.507233 0.022750 0.034000
29 0.419700 0.500708 0.015875 0.015350
29 0.505387 0.514267 0.017000 0.016800
9 0.314775 0.490483 0.008250 0.016500
9 0.232525 0.468900 0.005750 0.010000
9 0.195025 0.474400 0.006750 0.012667
22 0.642419 0.502683 0.010763 0.019833
