10 0.819688 0.737942 0.039625 0.117250
10 0.763294 0.733133 0.040737 0.134533
10 0.736112 0.725433 0.035300 0.110467
10 0.515781 0.753558 0.014287 0.043783
14 0.593881 0.627658 0.101638 0.064850
10 0.503263 0.752692 0.015175 0.043450
10 0.404306 0.752967 0.013062 0.071467
16 0.074813 0.783792 0.017875 0.026417
1 0.028325 0.775550 0.056650 0.062333
1 0.089313 0.772183 0.065325 0.054233
1 0.128931 0.771850 0.020862 0.034967
1 0.153563 0.774300 0.046275 0.038067
1 0.331850 0.761983 0.016875 0.019733
1 0.231581 0.756367 0.118962 0.123467
36 0.410719 0.643800 0.016063 0.020633
31 0.818113 0.640408 0.020100 0.021450
10 0.857850 0.724008 0.045425 0.130683
