10 0.076481 0.633133 0.035362 0.145067
10 0.016075 0.511883 0.006825 0.026767
10 0.005619 0.515633 0.005262 0.035333
10 0.528750 0.566225 0.014900 0.092617
10 0.536988 0.552575 0.008075 0.078150
10 0.513312 0.569700 0.013650 0.079233
10 0.504050 0.551767 0.011300 0.054067
10 0.895131 0.698450 0.077088 0.259633
10 0.880456 0.616808 0.028537 0.165950
10 0.981894 0.667125 0.036213 0.274083
26 0.171975 0.622092 0.081150 0.194217
26 0.067731 0.684850 0.026937 0.149900
10 0.030206 0.598383 0.036163 0.160567
26 0.057125 0.555867 0.012450 0.084333
10 0.017781 0.655083 0.035562 0.160567
32 0.198362 0.472242 0.017100 0.052217
