1 0.543388 0.703750 0.203350 0.275367
10 0.005150 0.730250 0.010000 0.034000
22 0.222856 0.659117 0.015063 0.020067
10 0.105400 0.738075 0.010750 0.054017
10 0.207106 0.722283 0.015913 0.054433
10 0.239644 0.730200 0.010038 0.037700
36 0.186794 0.668500 0.015562 0.019667
9 0.224794 0.626458 0.017988 0.027183
10 0.041650 0.728583 0.010500 0.035333
10 0.052400 0.727742 0.010500 0.037683
18 0.982212 0.662308 0.012450 0.013817
18 0.777313 0.704992 0.010625 0.015550
10 0.225494 0.722167 0.010512 0.056900
