10 0.502325 0.534600 0.036400 0.095867
10 0.668394 0.487900 0.019313 0.076600
10 0.764575 0.502725 0.020425 0.052883
10 0.910625 0.496542 0.025575 0.103783
10 0.938425 0.494317 0.029275 0.105267
10 0.988950 0.497775 0.022100 0.103283
10 0.256594 0.513600 0.014787 0.028167
10 0.153188 0.519275 0.020800 0.040517
10 0.142087 0.514583 0.017050 0.034100
26 0.275688 0.618367 0.147175 0.128000
26 0.079637 0.537567 0.046325 0.108733
26 0.056638 0.573642 0.039700 0.092917
26 0.027856 0.686025 0.055712 0.214417
10 0.556269 0.544975 0.068612 0.101817
26 0.255487 0.577600 0.145325 0.127500
10 0.169519 0.662883 0.075613 0.197100
10 0.118200 0.507908 0.015150 0.037550
10 0.308881 0.502975 0.010388 0.023717
