10 0.846600 0.554342 0.020500 0.115783
26 0.400425 0.595475 0.029800 0.042750
26 0.529844 0.614258 0.032362 0.141850
26 0.419806 0.597392 0.051263 0.096150
26 0.014812 0.550625 0.029625 0.117917
26 0.291831 0.675342 0.081037 0.096583
26 0.298075 0.648858 0.089050 0.087183
10 0.567913 0.640875 0.036675 0.196417
10 0.327675 0.562850 0.016850 0.049767
10 0.279200 0.586867 0.023100 0.084667
10 0.357606 0.621408 0.024913 0.154517
10 0.553375 0.567458 0.015900 0.103050
10 0.477881 0.547000 0.012313 0.055567
10 0.489756 0.548042 0.008287 0.051083
10 0.583713 0.652333 0.027400 0.141267
10 0.620125 0.615358 0.028200 0.173183
10 0.811250 0.526783 0.005250 0.028500
10 0.805625 0.525792 0.005500 0.033517
10 0.871587 0.571850 0.027550 0.136300
29 0.962706 0.511383 0.025438 0.029800
29 0.954956 0.513033 0.029788 0.034767
29 0.943506 0.519075 0.030763 0.038150
29 0.929519 0.523233 0.038462 0.044700
29 0.906356 0.537308 0.036812 0.049117
29 0.891981 0.539792 0.034537 0.068417
29 0.722081 0.543783 0.041363 0.051033
26 0.823325 0.519033 0.014600 0.053267
26 0.992287 0.586708 0.015425 0.056850
26 0.934919 0.583300 0.044838 0.085033
26 0.600962 0.681325 0.075275 0.088883
