10 0.609250 0.598375 0.016350 0.093483
10 0.666369 0.602692 0.014112 0.087250
10 0.677125 0.603283 0.016350 0.103967
10 0.686312 0.567308 0.011875 0.042717
10 0.011013 0.581150 0.022025 0.071767
1 0.371963 0.600117 0.069000 0.067833
33 0.005219 0.385600 0.010437 0.075533
9 0.221975 0.561317 0.009600 0.028400
30 0.344750 0.543833 0.007375 0.009633
10 0.027050 0.580758 0.036400 0.067383
1 0.425063 0.593433 0.033625 0.035200
1 0.447119 0.597583 0.008738 0.014967
1 0.486887 0.600567 0.076175 0.087833
33 0.702262 0.507733 0.008100 0.030400
33 0.704519 0.355583 0.019787 0.069167
10 0.627281 0.597608 0.018813 0.096817
10 0.647325 0.609108 0.016800 0.095317
10 0.631425 0.613758 0.021725 0.078850
