23 0.498213 0.587825 0.010250 0.015617
1 0.582200 0.635633 0.052100 0.049467
1 0.837550 0.725425 0.179975 0.192750
1 0.933869 0.788167 0.132262 0.321333
1 0.474062 0.620392 0.039725 0.034983
1 0.516544 0.625183 0.053963 0.071933
1 0.116638 0.711542 0.233275 0.239750
10 0.690950 0.642733 0.023850 0.090200
10 0.671869 0.636075 0.017788 0.067650
17 0.271625 0.596133 0.015050 0.021467
0 0.464981 0.547917 0.016613 0.022700
19 0.464306 0.568617 0.012013 0.017300
1 0.554462 0.618392 0.031100 0.034983
9 0.497831 0.556542 0.014063 0.019383
9 0.271975 0.567708 0.011625 0.019050
