34 0.898175 0.392017 0.027550 0.094467
1 0.841725 0.476017 0.093525 0.038367
26 0.158269 0.465175 0.017988 0.045683
22 0.400069 0.427800 0.012737 0.014033
14 0.029806 0.396025 0.035813 0.054283
30 0.214288 0.332283 0.015575 0.025100
14 0.556737 0.419342 0.027500 0.037117
14 0.615494 0.415850 0.031088 0.056167
36 0.485925 0.433933 0.008750 0.013000
34 0.931894 0.077542 0.053363 0.155083
10 0.753713 0.498792 0.043250 0.172783
10 0.727488 0.486842 0.032375 0.181317
10 0.602250 0.469525 0.013750 0.035583
10 0.488925 0.462333 0.008700 0.030800
