1 0.017988 0.537167 0.035975 0.093533
33 0.287900 0.043208 0.025025 0.079750
33 0.514069 0.337775 0.019737 0.071217
33 0.511162 0.481750 0.008125 0.034067
35 0.123994 0.400208 0.012687 0.016917
9 0.104325 0.508450 0.019625 0.030267
16 0.155394 0.509492 0.010137 0.037317
2 0.067969 0.418717 0.012287 0.036200
2 0.070738 0.496217 0.004325 0.016933
2 0.746244 0.476017 0.006513 0.024300
4 0.748119 0.441592 0.013013 0.031083
25 0.513475 0.406292 0.041150 0.053550
31 0.737050 0.419283 0.009250 0.013667
1 0.354025 0.502742 0.018400 0.021983
1 0.885594 0.500492 0.160187 0.126283
14 0.104675 0.421717 0.054750 0.061767
14 0.174981 0.418042 0.057337 0.060483
