1 0.378062 0.492867 0.023750 0.022333
33 0.329469 0.401542 0.012112 0.044483
33 0.334444 0.480117 0.005913 0.020100
33 0.453800 0.452233 0.003600 0.015200
33 0.568813 0.446725 0.003900 0.014617
33 0.674812 0.402283 0.010500 0.044233
33 0.671513 0.481858 0.003600 0.018017
20 0.673837 0.445733 0.027475 0.034633
19 0.331725 0.448333 0.024925 0.034233
31 0.234637 0.465183 0.008875 0.008500
1 0.520000 0.482375 0.023375 0.032017
1 0.424875 0.491200 0.026125 0.025667
1 0.275500 0.493033 0.031375 0.025333
1 0.159312 0.498617 0.047000 0.025167
1 0.058375 0.504575 0.060750 0.035083
1 0.026919 0.509108 0.013762 0.031817
