1 0.981838 0.506992 0.015750 0.018683
1 0.951900 0.506075 0.005375 0.009517
21 0.031069 0.337075 0.020812 0.062817
17 0.031875 0.457100 0.010250 0.030333
36 0.030588 0.403717 0.021150 0.063633
27 0.344375 0.464775 0.010950 0.016383
14 0.431244 0.372875 0.074963 0.075183
28 0.829781 0.456875 0.007687 0.015917
10 0.873806 0.513050 0.007338 0.028600
10 0.884444 0.505908 0.015012 0.044817
10 0.670925 0.512942 0.020550 0.066017
10 0.603363 0.536533 0.032700 0.109400
1 0.392556 0.527392 0.091637 0.054117
1 0.513563 0.517808 0.162950 0.090017
1 0.693506 0.520533 0.103612 0.052000
1 0.769481 0.517658 0.075613 0.053283
1 0.914731 0.512083 0.044988 0.045167
1 0.993044 0.509492 0.013912 0.027017
1 0.958588 0.505408 0.008000 0.012183
1 0.961650 0.504742 0.005375 0.013517
1 0.970588 0.503667 0.006750 0.015667
