1 0.344956 0.543175 0.065087 0.079117
11 0.571825 0.465350 0.014000 0.020833
36 0.471513 0.446842 0.009625 0.016183
18 0.471469 0.467283 0.013813 0.024100
10 0.269987 0.525200 0.018375 0.061000
10 0.259956 0.521758 0.013588 0.063150
10 0.249237 0.514200 0.018875 0.056000
14 0.267419 0.444683 0.032662 0.023967
28 0.284025 0.476575 0.009750 0.028317
14 0.219312 0.377792 0.050775 0.129517
1 0.764594 0.490975 0.098312 0.236483
1 0.850444 0.547533 0.073363 0.093433
1 0.910806 0.547725 0.064513 0.082717
1 0.974313 0.546625 0.051375 0.066483
