10 0.859963 0.559675 0.017625 0.075350
26 0.811500 0.684100 0.041875 0.131500
26 0.580662 0.576150 0.019025 0.047700
26 0.654394 0.650200 0.021713 0.099300
26 0.574663 0.574908 0.022750 0.049083
26 0.959744 0.572967 0.041787 0.042467
26 0.564112 0.554508 0.022750 0.032017
26 0.952400 0.587875 0.050275 0.054083
26 0.925206 0.613933 0.054612 0.076967
26 0.651394 0.631717 0.032262 0.110300
1 0.271050 0.602250 0.209900 0.170100
1 0.443481 0.535433 0.086337 0.144967
1 0.493588 0.526925 0.016825 0.046483
1 0.503587 0.512983 0.023950 0.038600
10 0.523713 0.513150 0.004500 0.015000
10 0.534775 0.517567 0.005125 0.019500
10 0.570900 0.545733 0.015375 0.047500
