1 0.160138 0.527483 0.029775 0.039700
1 0.114569 0.528092 0.065613 0.054617
1 0.360344 0.535350 0.102563 0.122400
1 0.475431 0.497200 0.036888 0.036667
1 0.653106 0.487550 0.137687 0.070600
1 0.780094 0.472900 0.079262 0.082933
1 0.870487 0.455350 0.039050 0.053233
18 0.940525 0.432317 0.013175 0.046467
18 0.517563 0.435392 0.011875 0.015183
16 0.274687 0.513600 0.017475 0.023900
31 0.054475 0.489550 0.010375 0.010833
2 0.414513 0.402625 0.006375 0.018683
2 0.460725 0.452475 0.006050 0.015050
33 0.541331 0.362192 0.015288 0.050117
33 0.549006 0.461900 0.006737 0.023500
19 0.564462 0.416333 0.030575 0.040833
33 0.373719 0.142850 0.023062 0.079633
1 0.191763 0.517000 0.029000 0.035333
