30 0.182600 0.516817 0.016700 0.036100
0 0.440100 0.655733 0.010150 0.025467
1 0.649887 0.708250 0.032450 0.071600
1 0.565969 0.708642 0.139812 0.103617
1 0.085600 0.782092 0.171200 0.179083
6 0.545231 0.627933 0.020962 0.037433
12 0.049350 0.625208 0.016925 0.027583
34 0.202938 0.686483 0.013475 0.061900
34 0.215481 0.452850 0.037063 0.132800
34 0.726569 0.707458 0.009363 0.037950
34 0.735737 0.552692 0.021725 0.077883
30 0.025469 0.655083 0.012838 0.015467
30 0.706794 0.606583 0.020313 0.023533
