34 0.730881 0.481250 0.021363 0.078100
30 0.020625 0.577108 0.013375 0.014483
30 0.701475 0.535742 0.021025 0.024483
1 0.560350 0.633983 0.139800 0.100533
12 0.044331 0.547050 0.015912 0.025900
1 0.643506 0.637008 0.031713 0.072050
10 0.006887 0.649092 0.013775 0.080683
30 0.176269 0.439242 0.015663 0.037883
0 0.434775 0.583208 0.011125 0.024817
6 0.539325 0.554567 0.018850 0.036733
34 0.196938 0.608725 0.013425 0.062283
34 0.208375 0.374408 0.037250 0.134583
34 0.720206 0.635508 0.009062 0.033650
