34 0.697369 0.458717 0.023462 0.088600
30 0.254063 0.531200 0.018625 0.026100
1 0.360512 0.605550 0.040250 0.032667
34 0.135994 0.439342 0.029638 0.089883
34 0.121519 0.599475 0.010913 0.040983
34 0.692494 0.644225 0.012637 0.046950
6 0.668075 0.569683 0.008500 0.015833
25 0.699512 0.563508 0.041375 0.045850
16 0.767012 0.625100 0.008625 0.023333
15 0.813638 0.530267 0.019125 0.022333
31 0.881075 0.571267 0.008750 0.010000
31 0.826388 0.581100 0.005625 0.007333
31 0.005475 0.564467 0.007750 0.010333
1 0.110094 0.589233 0.078588 0.132800
