30 0.084713 0.594383 0.012950 0.016833
34 0.258238 0.625792 0.013425 0.061817
34 0.269719 0.395033 0.036388 0.130533
34 0.780831 0.652508 0.009788 0.036917
34 0.790488 0.497000 0.022375 0.079433
30 0.237450 0.458250 0.015525 0.038833
30 0.761725 0.552100 0.022650 0.025467
12 0.107725 0.564608 0.016050 0.028717
10 0.082869 0.670758 0.026212 0.080683
1 0.619094 0.651267 0.141512 0.101067
1 0.703419 0.654625 0.032713 0.072717
1 0.943550 0.826400 0.112900 0.168300
0 0.493031 0.599167 0.010637 0.025133
