1 0.004456 0.598275 0.008913 0.036950
1 0.051788 0.606742 0.079000 0.038983
18 0.153444 0.586792 0.010488 0.015983
14 0.158681 0.548108 0.056162 0.052417
18 0.259588 0.598775 0.011600 0.016983
19 0.324550 0.562367 0.067400 0.090933
34 0.316387 0.658983 0.013850 0.054900
34 0.325937 0.402383 0.032200 0.113833
6 0.505469 0.578608 0.010863 0.020983
1 0.540481 0.625533 0.008987 0.025967
10 0.863231 0.645250 0.023962 0.060400
18 0.972000 0.584850 0.018350 0.020467
30 0.770556 0.588092 0.008612 0.013983
