12 0.160150 0.584208 0.016925 0.025783
10 0.161081 0.690258 0.021037 0.082417
1 0.555900 0.765992 0.438675 0.221650
1 0.672606 0.653692 0.133862 0.072783
1 0.753400 0.668708 0.035525 0.071617
6 0.645312 0.588133 0.019500 0.038700
0 0.541138 0.616892 0.010625 0.025783
34 0.320562 0.415758 0.035150 0.130283
34 0.308775 0.642900 0.013800 0.060400
34 0.831631 0.670617 0.008987 0.036933
34 0.842706 0.513608 0.022087 0.079383
30 0.136906 0.612467 0.012612 0.015533
30 0.289006 0.477408 0.014563 0.036250
30 0.812431 0.568667 0.022662 0.025467
